respondent_id,h1n1_vaccine,seasonal_vaccine
26707,0.19816092,0.17079487
26708,0.32818478,0.07726688
26709,0.031465285,0.764693
26710,0.66006297,0.9077183
26711,0.2767027,0.5493068
26712,0.8387983,0.9883237
26713,0.16014622,0.683747
26714,0.1254348,0.10223738
26715,0.050528515,0.08107929
26716,0.16785951,0.94139373
26717,0.0011974638,0.3900557
26718,0.23509318,0.6176289
26719,0.03188498,0.9246761
26720,0.013877991,0.24657834
26721,0.21548188,0.22641239
26722,0.15903307,0.08559157
26723,0.9127208,0.95772076
26724,0.027515365,0.8404126
26725,0.00040788465,0.03870136
26726,0.035357647,0.057662368
26727,0.5490751,0.93126625
26728,0.07336088,0.5584734
26729,0.097207285,0.83883554
26730,0.06953462,0.14067672
26731,0.019899337,0.30382314
26732,0.015882956,0.08387256
26733,0.9896479,0.9848838
26734,0.838684,0.23747724
26735,0.08975003,0.33323693
26736,0.07007868,0.07667575
26737,0.07459246,0.07864021
26738,0.80704737,0.93069935
26739,0.059637915,0.24351679
26740,0.02346976,0.031092282
26741,0.033808704,0.92015505
26742,0.056991685,0.37571284
26743,0.011330776,0.37568262
26744,0.010269359,0.7535441
26745,0.1037049,0.90342057
26746,0.18757701,0.45659366
26747,0.00866596,0.14049233
26748,0.100018,0.06694463
26749,0.17431138,0.8856276
26750,0.45800805,0.82949495
26751,0.4240902,0.78477526
26752,0.09061868,0.085398085
26753,0.47157997,0.6574145
26754,0.26050192,0.6757887
26755,0.09184353,0.5656528
26756,0.0061396663,0.033177253
26757,0.051402442,0.3263775
26758,0.8309564,0.65447766
26759,0.007752503,0.20958681
26760,0.00992371,0.17761466
26761,0.36629257,0.5478337
26762,0.14508297,0.91031885
26763,0.83440226,0.9616151
26764,0.9702056,0.9902187
26765,0.011012163,0.8287162
26766,0.09905171,0.20795186
26767,0.9430709,0.79219043
26768,0.0042460747,0.61991227
26769,0.035365168,0.41735622
26770,0.04258274,0.39645714
26771,0.022375768,0.12650518
26772,0.037825286,0.41290176
26773,0.012897214,0.30606318
26774,0.015936313,0.35696703
26775,0.021455035,0.23125575
26776,0.43924484,0.29896092
26777,0.027814895,0.94901067
26778,0.08204372,0.028612047
26779,0.2667421,0.67803615
26780,0.036629736,0.9598712
26781,0.051965397,0.3749364
26782,0.10182237,0.31285128
26783,0.0038379233,0.41967314
26784,0.04615956,0.7866932
26785,0.5279867,0.6877864
26786,0.019614013,0.22525938
26787,0.058125693,0.6813408
26788,0.03484674,0.95049876
26789,0.015503808,0.057363562
26790,0.0035033985,0.22099249
26791,0.14362171,0.11172906
26792,0.03783018,0.61496305
26793,0.09059571,0.94979227
26794,0.5729481,0.8985217
26795,0.019978145,0.9575542
26796,0.0023107347,0.004933393
26797,0.11930725,0.82643795
26798,0.2604541,0.12248608
26799,0.2471774,0.2540601
26800,0.03899465,0.9594155
26801,0.27983537,0.5033834
26802,0.058684293,0.35281754
26803,0.03636702,0.14479174
26804,0.01783456,0.034135137
26805,0.02118115,0.07053107
26806,0.011915561,0.9152164
26807,0.3748719,0.91991377
26808,0.021911055,0.3253821
26809,0.32522792,0.094662845
26810,0.03672464,0.09447972
26811,0.016832875,0.10866566
26812,0.07082364,0.9608058
26813,0.58193386,0.23268338
26814,0.016079433,0.7178075
26815,0.001433143,0.023399215
26816,0.022863012,0.21029495
26817,0.01112942,0.5991253
26818,0.13559926,0.20289615
26819,0.18370661,0.07885719
26820,0.0910897,0.20316137
26821,0.019075288,0.5740139
26822,0.04956718,0.8174008
26823,0.090996966,0.21870558
26824,0.019670017,0.7904396
26825,0.08262213,0.39746207
26826,0.037139248,0.695132
26827,0.0022368205,0.024791501
26828,0.07583832,0.46024552
26829,0.87892973,0.94229364
26830,0.012669035,0.8694945
26831,0.14450783,0.9278461
26832,0.0148349935,0.82201433
26833,0.021514801,0.65600526
26834,0.053236738,0.527836
26835,0.23104337,0.7826695
26836,0.16038227,0.7636096
26837,0.066019416,0.020174213
26838,0.08024919,0.31806517
26839,0.034075916,0.48872563
26840,0.018071929,0.0770854
26841,0.9027653,0.7200879
26842,0.017437158,0.12009002
26843,0.007128317,0.045827914
26844,0.08820303,0.3669263
26845,0.019571973,0.8464346
26846,0.039144527,0.84046286
26847,0.36212146,0.08533306
26848,0.037680212,0.73973775
26849,0.3947619,0.78902555
26850,0.76226616,0.6268808
26851,0.00512924,0.061293386
26852,0.007527982,0.0057991967
26853,0.310179,0.21628936
26854,0.011151462,0.037415177
26855,0.3082891,0.8232536
26856,0.019550625,0.01083178
26857,0.815071,0.054674026
26858,0.09585751,0.59372085
26859,0.0058590327,0.073471725
26860,0.12088028,0.066894025
26861,0.03654722,0.02983791
26862,0.022037068,0.16953464
26863,0.005515017,0.35697758
26864,0.42132616,0.31816193
26865,0.011142175,0.014426154
26866,0.02831202,0.73461807
26867,0.057850298,0.3379294
26868,0.9765719,0.9754087
26869,0.006481354,0.17298175
26870,0.71574944,0.9703021
26871,0.01374351,0.009754967
26872,0.011424714,0.47464117
26873,0.025164291,0.75477296
26874,0.142518,0.066681035
26875,0.22901137,0.7931934
26876,0.034487907,0.067803025
26877,0.039460707,0.12451563
26878,0.20352387,0.38129422
26879,0.0066420124,0.017016301
26880,0.11826425,0.071372904
26881,0.030336393,0.083785966
26882,0.008577761,0.017051462
26883,0.09042851,0.324113
26884,0.14713576,0.20648725
26885,0.2800239,0.9319835
26886,0.07946669,0.8661657
26887,0.7709289,0.89875007
26888,0.9518965,0.99598914
26889,0.0060851946,0.03831446
26890,0.05004778,0.25069365
26891,0.74463063,0.8336896
26892,0.044518538,0.8222127
26893,0.017630303,0.10435407
26894,0.22886248,0.19306806
26895,0.036420226,0.8131779
26896,0.013214723,0.00914284
26897,0.08824499,0.43228233
26898,0.046214283,0.74961907
26899,0.006911548,0.016193084
26900,0.10410834,0.30715048
26901,0.013331325,0.2294036
26902,0.14547364,0.80562854
26903,0.049264655,0.022456586
26904,0.072617725,0.4067835
26905,0.48923117,0.9768043
26906,0.017271988,0.22226068
26907,0.00578325,0.29063675
26908,0.024862124,0.70493346
26909,0.13065276,0.03259713
26910,0.033608984,0.3785941
26911,0.017112654,0.03463238
26912,0.4664848,0.94633067
26913,0.7951745,0.8083346
26914,0.009130679,0.08079268
26915,0.031231564,0.5636262
26916,0.027520137,0.2883212
26917,0.002461591,0.0569851
26918,0.98697865,0.9852657
26919,0.066066585,0.37777415
26920,0.011163588,0.06705981
26921,0.06817376,0.9294066
26922,0.025426676,0.7472367
26923,0.32114077,0.6185093
26924,0.9502086,0.9915434
26925,0.09488971,0.8735889
26926,0.84559673,0.58769405
26927,0.6510869,0.83302206
26928,0.08435872,0.28023365
26929,0.032045648,0.19131173
26930,0.8901686,0.86761636
26931,0.14931005,0.25737295
26932,0.08205692,0.94550616
26933,0.0024539195,0.73863155
26934,0.28127417,0.6320721
26935,0.07933651,0.32009917
26936,0.14143693,0.20902734
26937,0.15466832,0.8720775
26938,0.021797566,0.03673556
26939,0.049112447,0.09872355
26940,0.024898484,0.033345237
26941,0.10640222,0.4273013
26942,0.6396218,0.8327962
26943,0.0362117,0.42177412
26944,0.042996228,0.09855215
26945,0.03065793,0.6606468
26946,0.033454947,0.77755725
26947,0.25883067,0.52898264
26948,0.0144136455,0.037506897
26949,0.04427416,0.03331808
26950,0.030849827,0.44569996
26951,0.07522762,0.21629877
26952,0.91752446,0.9742964
26953,0.26999226,0.9584701
26954,0.0020305144,0.046138257
26955,0.0648854,0.74941736
26956,0.44685212,0.2969618
26957,0.022368994,0.9692199
26958,0.03596262,0.9128862
26959,0.0133713875,0.48704013
26960,0.018635783,0.015132597
26961,0.44397178,0.55491245
26962,0.05220359,0.8243922
26963,0.042373903,0.20045678
26964,0.03342162,0.21899566
26965,0.37527925,0.9703907
26966,0.008403917,0.048223037
26967,0.1879856,0.35040802
26968,0.01408137,0.93420583
26969,0.044136938,0.104324065
26970,0.7601265,0.5415421
26971,0.043741755,0.20563431
26972,0.0052166106,0.005545387
26973,0.01845393,0.15608703
26974,0.34271473,0.20398717
26975,0.16110004,0.75606614
26976,0.97239333,0.43387818
26977,0.1749754,0.68516284
26978,0.005986762,0.89691746
26979,0.60612094,0.9705246
26980,0.036300506,0.053601373
26981,0.0019988662,0.51512563
26982,0.7386819,0.83709455
26983,0.11115643,0.65360814
26984,0.0049437033,0.093840435
26985,0.037423704,0.08192181
26986,0.07565964,0.34867084
26987,0.023748523,0.11491531
26988,0.00848473,0.06737895
26989,0.45344156,0.9321097
26990,0.004999373,0.034110762
26991,0.011038353,0.31651878
26992,0.32087904,0.52939767
26993,0.06337151,0.86082643
26994,0.1373985,0.34111753
26995,0.033401717,0.28517365
26996,0.6241502,0.4099548
26997,0.03980234,0.044801325
26998,0.00923697,0.03154594
26999,0.5720153,0.13989212
27000,0.041675366,0.38878402
27001,0.036861498,0.943569
27002,0.005296511,0.074515484
27003,0.0028174557,0.02241815
27004,0.42674428,0.42403787
27005,0.5118847,0.901833
27006,0.5731495,0.70434034
27007,0.00092900114,0.0033904857
27008,0.03121859,0.022823237
27009,0.06647884,0.12560378
27010,0.004930713,0.060963564
27011,0.078621686,0.08302279
27012,0.47053754,0.47931617
27013,0.09422109,0.36894852
27014,0.004893257,0.564089
27015,0.22429146,0.26453748
27016,0.11829236,0.29134867
27017,0.6467786,0.8954201
27018,0.027489979,0.17502832
27019,0.96547323,0.9847563
27020,0.078092806,0.2129622
27021,0.0538547,0.81747913
27022,0.04438748,0.19857192
27023,0.057234712,0.23928583
27024,0.08944781,0.42289194
27025,0.22625878,0.10715563
27026,0.010281754,0.30877715
27027,0.009504494,0.8882974
27028,0.7127779,0.8951505
27029,0.18345992,0.43533912
27030,0.41336054,0.15668705
27031,0.46622565,0.91847515
27032,0.11649623,0.8203379
27033,0.7044918,0.80754644
27034,0.005860028,0.7462859
27035,0.25860417,0.38810137
27036,0.23357984,0.9036604
27037,0.7635601,0.72757673
27038,0.0025765258,0.022121817
27039,0.5206553,0.9034713
27040,0.17661417,0.18893941
27041,0.021022208,0.7120186
27042,0.011467791,0.5915444
27043,0.6658033,0.90270436
27044,0.31013322,0.047597013
27045,0.018019423,0.38902873
27046,0.03186563,0.07075564
27047,0.434842,0.44175953
27048,0.073426455,0.5591827
27049,0.36056754,0.96361923
27050,0.028286846,0.6330888
27051,0.21507381,0.2562108
27052,0.018651174,0.065354414
27053,0.9619578,0.9820685
27054,0.07857367,0.036322698
27055,0.038208533,0.81547195
27056,0.15050244,0.067589276
27057,0.0011650677,0.04892115
27058,0.9797847,0.9500925
27059,0.066932105,0.08416452
27060,0.0100642955,0.24326062
27061,0.0071983323,0.42394456
27062,0.0051686186,0.564652
27063,0.014527487,0.54296833
27064,0.13367675,0.75803345
27065,0.092459336,0.51428294
27066,0.034037963,0.47598028
27067,0.7504035,0.8683372
27068,0.46923995,0.8891556
27069,0.8429374,0.9317688
27070,0.006840327,0.008803488
27071,0.13704368,0.12308646
27072,0.06708951,0.72237283
27073,0.061400406,0.94592065
27074,0.030619245,0.17068082
27075,0.20501482,0.5926828
27076,0.8656497,0.93818104
27077,0.014094591,0.1289582
27078,0.09690303,0.9221679
27079,0.099904105,0.840516
27080,0.15728444,0.20958713
27081,0.04459722,0.869839
27082,0.106251515,0.23106188
27083,0.27877215,0.30193457
27084,0.8206688,0.64343214
27085,0.0024506606,0.018768296
27086,0.00574374,0.05284004
27087,0.03142063,0.08103718
27088,0.30814525,0.70568943
27089,0.18594971,0.14293005
27090,0.47536623,0.7465914
27091,0.17815359,0.14456661
27092,0.09447077,0.17922764
27093,0.08654016,0.206759
27094,0.0039541,0.022930572
27095,0.087377414,0.6620524
27096,0.010318468,0.09122429
27097,0.14906813,0.7392165
27098,0.72191393,0.8549604
27099,0.20259821,0.51010376
27100,0.20041183,0.52551377
27101,0.067338064,0.59020007
27102,0.0363943,0.91912496
27103,0.06871628,0.0142118195
27104,0.64169866,0.5195427
27105,0.04089383,0.19733284
27106,0.8434853,0.95234454
27107,0.47980657,0.9161513
27108,0.40118858,0.23206635
27109,0.027139308,0.07755312
27110,0.010218714,0.13586031
27111,0.07305775,0.26088816
27112,0.7262633,0.72799915
27113,0.09376126,0.09696652
27114,0.053612098,0.15496172
27115,0.716787,0.75772166
27116,0.035550807,0.95675427
27117,0.008525104,0.23913091
27118,0.06850327,0.61775047
27119,0.027810123,0.049542166
27120,0.13448194,0.94766045
27121,0.007838062,0.8976055
27122,0.005613565,0.2550196
27123,0.059075117,0.04789354
27124,0.0037575068,0.016663305
27125,0.0008021069,0.012194271
27126,0.12148498,0.059139915
27127,0.021591965,0.052853525
27128,0.089124314,0.45680386
27129,0.0610414,0.6209486
27130,0.3511494,0.34092057
27131,0.01755432,0.27502835
27132,0.2614377,0.8785307
27133,0.04334522,0.5073253
27134,0.9447033,0.9822489
27135,0.011955915,0.55377054
27136,0.07705982,0.644926
27137,0.03673392,0.19637586
27138,0.07223423,0.83065337
27139,0.047315303,0.058689166
27140,0.953779,0.9808925
27141,0.5157958,0.8365801
27142,0.018461984,0.11210131
27143,0.17307197,0.41221398
27144,0.018467352,0.05100169
27145,0.80075645,0.77410233
27146,0.06251335,0.94629544
27147,0.044825032,0.22715008
27148,0.016598346,0.08678641
27149,0.28202474,0.09522235
27150,0.21324435,0.9703803
27151,0.2641234,0.93878174
27152,0.009048403,0.09346331
27153,0.3586976,0.8658085
27154,0.29152155,0.9677876
27155,0.29359147,0.7209168
27156,0.009354304,0.272709
27157,0.006950427,0.47189757
27158,0.017686158,0.2541774
27159,0.012401684,0.04897591
27160,0.05592844,0.23252894
27161,0.46812788,0.73685044
27162,0.026038112,0.9525679
27163,0.74736047,0.6226355
27164,0.095655635,0.10872505
27165,0.6800946,0.6107767
27166,0.1469395,0.08189368
27167,0.16747391,0.38522246
27168,0.022791939,0.6688419
27169,0.8890841,0.6969833
27170,0.5918901,0.97957146
27171,0.013351165,0.14662503
27172,0.038811896,0.95661753
27173,0.23476513,0.6413805
27174,0.009201224,0.012108225
27175,0.06216282,0.08363274
27176,0.84781206,0.9453589
27177,0.90251374,0.967129
27178,0.07666701,0.24768762
27179,0.09361889,0.1248965
27180,0.058933675,0.20356448
27181,0.014594143,0.9285503
27182,0.088644765,0.96322775
27183,0.012706325,0.6363225
27184,0.011480004,0.409614
27185,0.21059987,0.8148578
27186,0.102774344,0.7934843
27187,0.03614633,0.075087756
27188,0.024303298,0.12954983
27189,0.1243537,0.7439711
27190,0.5454113,0.91119087
27191,0.1591933,0.9878735
27192,0.13037974,0.90918154
27193,0.0044147656,0.025513332
27194,0.04301692,0.4509422
27195,0.0137535455,0.029085042
27196,0.27171987,0.20267467
27197,0.022447444,0.5890856
27198,0.363331,0.9839454
27199,0.04691963,0.33653685
27200,0.43356863,0.7610636
27201,0.38338625,0.669735
27202,0.009901041,0.03831355
27203,0.0043690084,0.023435816
27204,0.003365304,0.011138367
27205,0.10324126,0.31392032
27206,0.33452442,0.3083413
27207,0.12729523,0.06192225
27208,0.94621974,0.5373368
27209,0.39999267,0.27119783
27210,0.07314549,0.29696617
27211,0.032377794,0.232732
27212,0.13707559,0.8982449
27213,0.35087347,0.5632631
27214,0.030270996,0.04976559
27215,0.17225921,0.60098946
27216,0.065328985,0.94821286
27217,0.10804629,0.18593962
27218,0.45459342,0.92761666
27219,0.6413242,0.9448929
27220,0.11510638,0.5445929
27221,0.029727494,0.80458015
27222,0.020744078,0.5439902
27223,0.0027902487,0.8216105
27224,0.04853354,0.3777864
27225,0.21270321,0.30263343
27226,0.0024275756,0.118615635
27227,0.12797192,0.17906322
27228,0.6104513,0.9014504
27229,0.2910042,0.70257914
27230,0.08022771,0.9385676
27231,0.6593878,0.9642844
27232,0.11453352,0.4829727
27233,0.22181953,0.14513311
27234,0.024197672,0.09062372
27235,0.94195676,0.98785144
27236,0.08957615,0.8634052
27237,0.6102646,0.89732367
27238,0.7241704,0.9048983
27239,0.35404286,0.13139372
27240,0.028577795,0.26627904
27241,0.19169563,0.1625782
27242,0.054283965,0.6438844
27243,0.079723954,0.09006497
27244,0.0018715024,0.028495876
27245,0.039875206,0.44667166
27246,0.9036323,0.94835126
27247,0.19194326,0.96979004
27248,0.18753314,0.7613358
27249,0.11934851,0.47007686
27250,0.099960394,0.13099593
27251,0.023761783,0.49080756
27252,0.046761993,0.33829162
27253,0.014295091,0.8527505
27254,0.96758413,0.99144495
27255,0.23187575,0.26582542
27256,0.88029486,0.9804622
27257,0.35129696,0.49001345
27258,0.37564108,0.81522816
27259,0.4286032,0.89090174
27260,0.019649195,0.08413753
27261,0.19313475,0.79768485
27262,0.009692961,0.36400622
27263,0.031499837,0.013873482
27264,0.020657485,0.060081523
27265,0.0051931557,0.6307688
27266,0.26619536,0.14173174
27267,0.08634988,0.5344192
27268,0.0036331306,0.029467868
27269,0.8669223,0.74885637
27270,0.030708468,0.048303917
27271,0.03500339,0.08639699
27272,0.02868206,0.64346224
27273,0.013883532,0.16494818
27274,0.16852811,0.5879533
27275,0.36692685,0.19502166
27276,0.0008016977,0.07139144
27277,0.02421685,0.91078246
27278,0.03572905,0.32406825
27279,0.06057626,0.13565347
27280,0.42314067,0.62474114
27281,0.013888468,0.39200845
27282,0.096639164,0.9390861
27283,0.019468559,0.23988956
27284,0.10077051,0.4996409
27285,0.048583705,0.411292
27286,0.07650575,0.2255183
27287,0.1530574,0.7867169
27288,0.69966745,0.8063137
27289,0.14262389,0.41453728
27290,0.03676455,0.07694439
27291,0.24285056,0.85020345
27292,0.04208894,0.639287
27293,0.029767053,0.9336081
27294,0.01547223,0.064941406
27295,0.34852222,0.95103174
27296,0.071346246,0.83654326
27297,0.048837308,0.8354565
27298,0.068852745,0.29720587
27299,0.34319273,0.74932945
27300,0.034762383,0.9232923
27301,0.006683924,0.033238403
27302,0.014866274,0.8611325
27303,0.14977345,0.123819694
27304,0.0659666,0.8876583
27305,0.0009205578,0.0046098847
27306,0.23652422,0.602384
27307,0.7985541,0.89036125
27308,0.11294547,0.17316985
27309,0.85303646,0.97475797
27310,0.039212,0.112301014
27311,0.006321106,0.085069574
27312,0.06801996,0.6196892
27313,0.004974593,0.08343828
27314,0.009157427,0.01951214
27315,0.013745676,0.26241064
27316,0.32277617,0.86148006
27317,0.051461704,0.11923239
27318,0.25756693,0.26170447
27319,0.29748258,0.87767786
27320,0.10531857,0.89116764
27321,0.016525984,0.67374325
27322,0.46986142,0.8727633
27323,0.015527639,0.44865137
27324,0.022608064,0.5402343
27325,0.93376595,0.9605222
27326,0.04203325,0.3496459
27327,0.7351666,0.26696467
27328,0.465649,0.58562535
27329,0.12944491,0.2949478
27330,0.016118279,0.48307863
27331,0.03863882,0.11847594
27332,0.12771115,0.8115807
27333,0.9411625,0.8318099
27334,0.02041289,0.005955251
27335,0.3102927,0.19106627
27336,0.05826601,0.07664554
27337,0.25817266,0.83102447
27338,0.24349523,0.7085803
27339,0.11207031,0.22141595
27340,0.006152543,0.038943637
27341,0.23983815,0.61349976
27342,0.034965653,0.6841375
27343,0.03587289,0.08336942
27344,0.50193715,0.5403883
27345,0.04456879,0.29426858
27346,0.20366588,0.9472597
27347,0.9854565,0.9828734
27348,0.08968171,0.29336625
27349,0.07196667,0.17273904
27350,0.020807343,0.89822656
27351,0.6603123,0.7910027
27352,0.14890803,0.5695219
27353,0.01872083,0.08080715
27354,0.30303714,0.84654087
27355,0.17282076,0.091462605
27356,0.5284586,0.88849866
27357,0.028396348,0.30297527
27358,0.8401299,0.8088414
27359,0.38108674,0.8343177
27360,0.069187224,0.69243073
27361,0.007419645,0.90831894
27362,0.44020942,0.39420506
27363,0.04535451,0.20104788
27364,0.013601528,0.5859062
27365,0.42056754,0.74770474
27366,0.25284785,0.2813811
27367,0.26240316,0.7534335
27368,0.018129945,0.67111874
27369,0.021374283,0.047839023
27370,0.013364155,0.9187044
27371,0.09402681,0.34494945
27372,0.064912714,0.19079518
27373,0.87726784,0.7528465
27374,0.0069048256,0.24528214
27375,0.10183667,0.91097265
27376,0.27419764,0.34903708
27377,0.16390774,0.8927173
27378,0.021904286,0.09722194
27379,0.016855981,0.12239473
27380,0.012837121,0.92081296
27381,0.000993017,0.44465572
27382,0.082833454,0.17415977
27383,0.044982016,0.4511188
27384,0.06511473,0.42855787
27385,0.11160192,0.96591914
27386,0.15987664,0.88898826
27387,0.7362622,0.8802313
27388,0.018967213,0.16487797
27389,0.042158175,0.09221318
27390,0.00149858,0.019292621
27391,0.4123454,0.6803366
27392,0.97717935,0.9870051
27393,0.0007911967,0.01455943
27394,0.014972325,0.20305818
27395,0.22521882,0.8037009
27396,0.058841236,0.056098655
27397,0.9653937,0.9280634
27398,0.05504017,0.65839446
27399,0.07228966,0.5516474
27400,0.040752042,0.83044106
27401,0.19000177,0.45316908
27402,0.25893253,0.69698834
27403,0.043744385,0.111032315
27404,0.5201875,0.20932621
27405,0.78874344,0.97659725
27406,0.0063694497,0.11625522
27407,0.112956464,0.06316665
27408,0.085736014,0.6259104
27409,0.90806115,0.9822212
27410,0.001289607,0.12510899
27411,0.12466346,0.15447323
27412,0.1840838,0.77171415
27413,0.032214794,0.4726284
27414,0.57904077,0.69038075
27415,0.027815498,0.20705263
27416,0.13066734,0.24105512
27417,0.36194456,0.61737555
27418,0.31791753,0.13745087
27419,0.89540386,0.9319388
27420,0.009357631,0.14076537
27421,0.3515415,0.3703358
27422,0.25577232,0.77707976
27423,0.010636326,0.38880664
27424,0.027269177,0.2827515
27425,0.07099568,0.67646366
27426,0.11091445,0.35069895
27427,0.04761328,0.20103084
27428,0.049496222,0.10788579
27429,0.5994146,0.15237536
27430,0.0032425788,0.66156036
27431,0.11195231,0.6275446
27432,0.23399003,0.46173197
27433,0.041042797,0.8437394
27434,0.09526082,0.12207923
27435,0.25370723,0.63205373
27436,0.013977203,0.076212324
27437,0.061541986,0.09527716
27438,0.01867117,0.20331296
27439,0.38641304,0.29715633
27440,0.18636341,0.16714676
27441,0.9338285,0.971493
27442,0.19781756,0.988309
27443,0.024604127,0.1581235
27444,0.039859436,0.035124373
27445,0.020138416,0.02752369
27446,0.06790152,0.097578116
27447,0.015994783,0.12088048
27448,0.17217734,0.8327901
27449,0.099588975,0.9334852
27450,0.15335234,0.9266877
27451,0.002336396,0.12189932
27452,0.06894147,0.111065224
27453,0.088306084,0.90004295
27454,0.33668572,0.38094753
27455,0.37159637,0.49883482
27456,0.033084195,0.42275512
27457,0.0028324665,0.08627065
27458,0.078720175,0.2019883
27459,0.11748656,0.32303768
27460,0.7925625,0.9391959
27461,0.062993474,0.053178396
27462,0.04310834,0.33973992
27463,0.066260256,0.39425582
27464,0.2145716,0.7204006
27465,0.98063916,0.9937755
27466,0.04858646,0.06285141
27467,0.0084487535,0.37725127
27468,0.053306427,0.33255205
27469,0.03007004,0.5690152
27470,0.9367729,0.5223236
27471,0.03412146,0.77594054
27472,0.23762362,0.6850235
27473,0.507976,0.23624942
27474,0.22093362,0.34393895
27475,0.0060759727,0.04443536
27476,0.09180844,0.32352674
27477,0.099984184,0.26340488
27478,0.1945659,0.7080163
27479,0.034501653,0.078776404
27480,0.14949977,0.8445927
27481,0.81446403,0.8324888
27482,0.33474264,0.17048022
27483,0.7504581,0.8036966
27484,0.057439853,0.7658518
27485,0.028768994,0.9346452
27486,0.49178034,0.25705335
27487,0.12956384,0.9145264
27488,0.68285,0.98341215
27489,0.9873143,0.64933276
27490,0.003821482,0.296144
27491,0.46773416,0.84931886
27492,0.0014804305,0.69059
27493,0.06761968,0.935885
27494,0.2049147,0.45519024
27495,0.10221523,0.182877
27496,0.0042133024,0.027744493
27497,0.027458841,0.014233447
27498,0.080642246,0.9132555
27499,0.0358859,0.8657283
27500,0.025419457,0.98912454
27501,0.03309806,0.24262433
27502,0.073088415,0.6852506
27503,0.024325527,0.5522039
27504,0.0032925787,0.038496222
27505,0.017963467,0.043621335
27506,0.113354884,0.9452621
27507,0.109578766,0.23387519
27508,0.25702065,0.43190777
27509,0.048057992,0.29014438
27510,0.60047793,0.17958137
27511,0.22983253,0.589546
27512,0.03404799,0.16348845
27513,0.07919531,0.60430205
27514,0.34345138,0.5768293
27515,0.33932516,0.4641871
27516,0.71597576,0.90918654
27517,0.0071006995,0.02927243
27518,0.8869103,0.96684015
27519,0.07957353,0.09861607
27520,0.034398325,0.06831865
27521,0.016119806,0.7308371
27522,0.03914456,0.040403448
27523,0.00042969585,0.044310845
27524,0.41848287,0.4997804
27525,0.02773049,0.22356796
27526,0.19163564,0.65420055
27527,0.0078134155,0.9529946
27528,0.3188352,0.890126
27529,0.14036834,0.91183573
27530,0.0064034993,0.021906381
27531,0.018743316,0.042926077
27532,0.057405528,0.86270803
27533,0.72010696,0.26017097
27534,0.007783139,0.04018154
27535,0.015985772,0.8371115
27536,0.17232798,0.35956562
27537,0.57467663,0.80723476
27538,0.12491414,0.5865999
27539,0.32768044,0.90206146
27540,0.58563817,0.14675082
27541,0.83637327,0.9311705
27542,0.018264651,0.11965582
27543,0.46936345,0.8560594
27544,0.033382993,0.19053711
27545,0.08169934,0.15178227
27546,0.5113294,0.71241564
27547,0.09961346,0.20690934
27548,0.055185236,0.9670693
27549,0.022684544,0.8350187
27550,0.03446881,0.32184651
27551,0.2321915,0.6638076
27552,0.015867364,0.9011703
27553,0.076619126,0.40972507
27554,0.15862934,0.48783967
27555,0.010790144,0.07148725
27556,0.031822484,0.8204527
27557,0.3436116,0.9556165
27558,0.01838565,0.23825365
27559,0.18895034,0.8222737
27560,0.59074295,0.5721012
27561,0.65737283,0.85132957
27562,0.48272046,0.883281
27563,0.11935628,0.50934803
27564,0.2761861,0.52979255
27565,0.009710741,0.1364158
27566,0.44810084,0.34994188
27567,0.03455994,0.5850818
27568,0.2462475,0.93451774
27569,0.01562966,0.5821639
27570,0.2516356,0.8631594
27571,0.050800566,0.039277658
27572,0.00064553786,0.01344118
27573,0.04195479,0.17511293
27574,0.15033512,0.8391961
27575,0.017197836,0.1996219
27576,0.0010737015,0.08256917
27577,0.037414722,0.41132638
27578,0.3079861,0.71116006
27579,0.16508065,0.6598331
27580,0.0869586,0.79458433
27581,0.05344781,0.059266225
27582,0.055381943,0.051324874
27583,0.024600023,0.13845195
27584,0.95662767,0.7026464
27585,0.10769395,0.29084587
27586,0.3002675,0.6969807
27587,0.10973836,0.7082055
27588,0.15724786,0.31392357
27589,0.07211672,0.44406256
27590,0.052113734,0.33149683
27591,0.105808824,0.5007671
27592,0.036381222,0.015902668
27593,0.014644789,0.024244793
27594,0.049325246,0.57662565
27595,0.006212534,0.16613963
27596,0.14389166,0.1463636
27597,0.040067516,0.13880128
27598,0.0591727,0.103632405
27599,0.2955852,0.87473226
27600,0.057261713,0.63017607
27601,0.010704326,0.9249108
27602,0.95417756,0.98108256
27603,0.009757367,0.07062204
27604,0.0044818334,0.22513202
27605,0.880335,0.5093429
27606,0.3930774,0.14378822
27607,0.55060226,0.24394202
27608,0.17922181,0.9006366
27609,0.3137201,0.8423545
27610,0.46364236,0.7878303
27611,0.764218,0.025055109
27612,0.028264992,0.58989185
27613,0.9445437,0.9724396
27614,0.10770997,0.3155199
27615,0.20596826,0.95330876
27616,0.0036126648,0.035243224
27617,0.20806627,0.45156655
27618,0.17996854,0.57821053
27619,0.32418412,0.32460946
27620,0.40644372,0.63926005
27621,0.060919505,0.37810946
27622,0.7071658,0.9771906
27623,0.02451181,0.8008882
27624,0.27164546,0.8825568
27625,0.021814486,0.260914
27626,0.008924444,0.13749215
27627,0.8833675,0.90988696
27628,0.033731513,0.9668669
27629,0.012727112,0.04519189
27630,0.45226014,0.8862789
27631,0.04328473,0.5098824
27632,0.010845542,0.19418238
27633,0.7528558,0.7789985
27634,0.16228227,0.22602879
27635,0.04924949,0.31400338
27636,0.58510816,0.97122955
27637,0.17285694,0.09531646
27638,0.037811838,0.64980274
27639,0.028943678,0.26388615
27640,0.9431871,0.62056583
27641,0.14660965,0.4343659
27642,0.1152505,0.54717845
27643,0.0700492,0.017172726
27644,0.12584643,0.66097045
27645,0.14660324,0.04287077
27646,0.035615522,0.44965312
27647,0.087657645,0.28464514
27648,0.01217357,0.056195613
27649,0.084469184,0.1952218
27650,0.085502796,0.6433061
27651,0.3158226,0.9556469
27652,0.016858881,0.43392766
27653,0.007437977,0.024110802
27654,0.113590114,0.34772903
27655,0.06598787,0.31533772
27656,0.07836298,0.17839362
27657,0.40205303,0.05104361
27658,0.048163455,0.61079234
27659,0.010772253,0.027442403
27660,0.26127648,0.3286078
27661,0.029229578,0.0488403
27662,0.09252297,0.18552646
27663,0.31077173,0.9374589
27664,0.06797014,0.11762146
27665,0.7077588,0.2205981
27666,0.16802454,0.86737204
27667,0.029453445,0.075606614
27668,0.8249364,0.99280894
27669,0.1640963,0.94363135
27670,0.703099,0.9605226
27671,0.091748655,0.79617727
27672,0.0038279751,0.1931394
27673,0.009577932,0.21033198
27674,0.036816623,0.75911325
27675,0.8042403,0.76141375
27676,0.10923629,0.8704727
27677,0.07655205,0.15021947
27678,0.08579627,0.14738138
27679,0.09824841,0.46085393
27680,0.81282896,0.936943
27681,0.002336435,0.048791256
27682,0.019250825,0.8951172
27683,0.21951202,0.66660035
27684,0.0672704,0.19084476
27685,0.01970357,0.020163752
27686,0.1713266,0.5555201
27687,0.07298516,0.055332746
27688,0.043292046,0.67959976
27689,0.8377676,0.9473073
27690,0.79731613,0.9486568
27691,0.8108319,0.88159364
27692,0.0148271825,0.15440299
27693,0.042774864,0.34474695
27694,0.045526262,0.22831795
27695,0.011546682,0.29266536
27696,0.051016647,0.7761139
27697,0.7143656,0.9128972
27698,0.479938,0.42890763
27699,0.017009571,0.20095268
27700,0.018680757,0.36853305
27701,0.065502286,0.14256813
27702,0.31935772,0.2605328
27703,0.02666373,0.13758454
27704,0.0022481584,0.048173163
27705,0.18438376,0.46203715
27706,0.05383916,0.71454585
27707,0.01813289,0.120525025
27708,0.029452333,0.5091883
27709,0.6767726,0.23867893
27710,0.03851549,0.14643368
27711,0.97965825,0.9342608
27712,0.00430486,0.005994815
27713,0.025967926,0.058403924
27714,0.009876185,0.03950469
27715,0.90810716,0.51198745
27716,0.18996163,0.52492166
27717,0.64757895,0.1011423
27718,0.38487133,0.53789186
27719,0.0017282612,0.053353935
27720,0.046782732,0.37564075
27721,0.74962527,0.21151751
27722,0.048639577,0.32033256
27723,0.035791274,0.65035784
27724,0.002999886,0.1401296
27725,0.058247544,0.6030756
27726,0.3516931,0.1826897
27727,0.3247864,0.9231755
27728,0.50517213,0.5781672
27729,0.066940576,0.083825916
27730,0.8808421,0.87587166
27731,0.9539127,0.9444919
27732,0.015651235,0.94178605
27733,0.07215583,0.21039693
27734,0.06651543,0.42130715
27735,0.78824556,0.6217236
27736,0.1202271,0.13253045
27737,0.01413403,0.86978513
27738,0.81462926,0.96613866
27739,0.8719755,0.88658965
27740,0.040705267,0.3698133
27741,0.44204488,0.8853156
27742,0.076581955,0.64766115
27743,0.81533384,0.8835384
27744,0.01061715,0.33198166
27745,0.7400627,0.8284294
27746,0.23150654,0.8713328
27747,0.03063845,0.18523477
27748,0.21449575,0.2855285
27749,0.067694634,0.7863258
27750,0.36030704,0.05005312
27751,0.15959153,0.08450417
27752,0.15816994,0.8138789
27753,0.00473837,0.04485401
27754,0.026547672,0.7300597
27755,0.9426869,0.98546743
27756,0.24120654,0.15478805
27757,0.04993532,0.03593645
27758,0.00795919,0.91833097
27759,0.052292097,0.16504952
27760,0.10783821,0.5980153
27761,0.08951836,0.80527455
27762,0.0071610967,0.08022448
27763,0.039091107,0.51585233
27764,0.11861432,0.5526575
27765,0.051861905,0.47336835
27766,0.93282676,0.9159992
27767,0.55898,0.87335867
27768,0.022834955,0.011783593
27769,0.09183044,0.3525701
27770,0.055827837,0.600666
27771,0.048544656,0.7560891
27772,0.9215166,0.93098515
27773,0.15932639,0.41204113
27774,0.0404639,0.14579485
27775,0.13661517,0.18636066
27776,0.016884722,0.017177973
27777,0.32426232,0.5844146
27778,0.11251144,0.14264016
27779,0.066711985,0.21763805
27780,0.07705395,0.92057335
27781,0.01121884,0.038071886
27782,0.9930749,0.9942906
27783,0.084475294,0.73516643
27784,0.026082164,0.1922969
27785,0.14131187,0.33466375
27786,0.015663274,0.08013655
27787,0.11421503,0.23865202
27788,0.012479788,0.075910814
27789,0.91807526,0.96017796
27790,0.9274406,0.963919
27791,0.029050274,0.21850012
27792,0.0298461,0.89068115
27793,0.08208293,0.13251257
27794,0.03302133,0.08837246
27795,0.2628823,0.6114517
27796,0.24226803,0.4342719
27797,0.8267402,0.69372207
27798,0.04399148,0.09168027
27799,0.021584619,0.12124754
27800,0.052104823,0.25220138
27801,0.012418749,0.2848766
27802,0.7698464,0.9216766
27803,0.0007709438,0.014647445
27804,0.47654638,0.9134152
27805,0.09135249,0.16578065
27806,0.45461512,0.69039863
27807,0.14378317,0.83189535
27808,0.18303947,0.20632994
27809,0.90633595,0.92919827
27810,0.005809716,0.025839055
27811,0.008026127,0.06698188
27812,0.01022282,0.1699487
27813,0.490795,0.40916288
27814,0.08220572,0.2879266
27815,0.13817333,0.30501667
27816,0.8530949,0.62472093
27817,0.07982797,0.3979268
27818,0.12479214,0.86376125
27819,0.13663433,0.11401548
27820,0.78417933,0.6798031
27821,0.048648756,0.2925095
27822,0.1937573,0.2691376
27823,0.096872844,0.16204642
27824,0.08343131,0.96404374
27825,0.119839914,0.20015085
27826,0.37968284,0.6644394
27827,0.0456043,0.09202111
27828,0.0012124521,0.14824602
27829,0.04470077,0.0824517
27830,0.09196439,0.16382006
27831,0.045014847,0.32025295
27832,0.118809335,0.6571226
27833,0.27865812,0.24071427
27834,0.6451757,0.8880305
27835,0.40028217,0.91421694
27836,0.046338953,0.9831738
27837,0.7088094,0.9399334
27838,0.02451385,0.46001574
27839,0.0016596887,0.04490044
27840,0.7816594,0.82145935
27841,0.1973224,0.54381406
27842,0.47838405,0.86217135
27843,0.07640565,0.26307538
27844,0.022560336,0.954918
27845,0.067865714,0.90504324
27846,0.032065745,0.23950568
27847,0.03722362,0.64408046
27848,0.7048836,0.8531931
27849,0.055737197,0.92603207
27850,0.016846644,0.0585636
27851,0.6902064,0.07069595
27852,0.13868047,0.8353482
27853,0.06577607,0.036266908
27854,0.1276969,0.6087345
27855,0.044122227,0.20056559
27856,0.20461373,0.8960106
27857,0.22143917,0.8749202
27858,0.77168304,0.9392112
27859,0.98379046,0.97954273
27860,0.066059425,0.6195598
27861,0.052858792,0.08064599
27862,0.116560064,0.428206
27863,0.25856185,0.13044928
27864,0.004397941,0.28564522
27865,0.42823473,0.7664151
27866,0.8963793,0.85003865
27867,0.92229927,0.7309424
27868,0.6348542,0.8296435
27869,0.009466817,0.58004916
27870,0.4452043,0.0404227
27871,0.31192106,0.6952685
27872,0.011307958,0.06480192
27873,0.1281716,0.11614748
27874,0.28071517,0.89312625
27875,0.05952891,0.39989376
27876,0.008200365,0.03367091
27877,0.3461679,0.5494103
27878,0.011489142,0.70673853
27879,0.10454189,0.66998756
27880,0.0043291175,0.10081964
27881,0.022032835,0.6950546
27882,0.07832478,0.3389411
27883,0.020208668,0.13447136
27884,0.0788413,0.06667877
27885,0.017487243,0.02428453
27886,0.06267919,0.13843025
27887,0.37476003,0.41167364
27888,0.015238715,0.2737019
27889,0.012996729,0.013757665
27890,0.07782845,0.50180024
27891,0.1064048,0.5804924
27892,0.03983455,0.04881471
27893,0.008155859,0.07762537
27894,0.09292633,0.45723614
27895,0.122808576,0.88380635
27896,0.009340567,0.58741415
27897,0.0020882664,0.11280127
27898,0.013283172,0.06171341
27899,0.013032494,0.6263647
27900,0.63792586,0.89890736
27901,0.054735757,0.10078043
27902,0.007883816,0.37459522
27903,0.01801664,0.082025446
27904,0.34933478,0.37931386
27905,0.0006319068,0.056946702
27906,0.025751939,0.679192
27907,0.85523146,0.9780487
27908,0.19859928,0.7576026
27909,0.122162364,0.23369132
27910,0.07356555,0.7807072
27911,0.80210906,0.78895307
27912,0.03468438,0.42058888
27913,0.021158684,0.2811053
27914,0.014246197,0.22085516
27915,0.051564857,0.38318276
27916,0.04462301,0.49278292
27917,0.15886094,0.47659302
27918,0.09922065,0.9212451
27919,0.05756025,0.3998137
27920,0.07151786,0.9006409
27921,0.012055949,0.6230592
27922,0.4501954,0.5402589
27923,0.17207801,0.93986595
27924,0.058659777,0.056291368
27925,0.0040410245,0.01751667
27926,0.49306226,0.26979485
27927,0.0057534534,0.103427835
27928,0.557467,0.8372314
27929,0.013851117,0.9155947
27930,0.11226166,0.10012165
27931,0.90251744,0.95909345
27932,0.06725956,0.12507188
27933,0.01957311,0.4403306
27934,0.5647923,0.8634946
27935,0.15052897,0.95585704
27936,0.3557614,0.9037055
27937,0.97030354,0.9475304
27938,0.045930985,0.14632186
27939,0.0030062932,0.028394762
27940,0.014543874,0.116919376
27941,0.022668464,0.32592845
27942,0.016275506,0.09710716
27943,0.005549401,0.50073534
27944,0.21581441,0.4032977
27945,0.49762794,0.2626574
27946,0.06778615,0.13557889
27947,0.7977902,0.94749576
27948,0.00078630034,0.028946588
27949,0.059958138,0.65257734
27950,0.026338529,0.8493569
27951,0.8659767,0.7494188
27952,0.009920135,0.8914401
27953,0.13517737,0.29841617
27954,0.07895906,0.60562974
27955,0.009719155,0.8352925
27956,0.62950486,0.8300457
27957,0.016107129,0.21349752
27958,0.8770801,0.88708055
27959,0.08806688,0.1766511
27960,0.27857453,0.69331133
27961,0.03780399,0.24683039
27962,0.9771021,0.93953645
27963,0.017915834,0.13763438
27964,0.0014575988,0.033961568
27965,0.0011179412,0.040959064
27966,0.39914066,0.9528829
27967,0.017934706,0.060126908
27968,0.12396057,0.5913939
27969,0.5515145,0.8950069
27970,0.023699492,0.5425717
27971,0.054922856,0.60594183
27972,0.1351238,0.33065683
27973,0.33725986,0.93254566
27974,0.60502803,0.39464518
27975,0.013795247,0.1815599
27976,0.086384475,0.28549674
27977,0.0066877464,0.06164019
27978,0.13620146,0.35114035
27979,0.063869685,0.9001655
27980,0.10981851,0.015109171
27981,0.013721842,0.28845394
27982,0.106369436,0.700112
27983,0.33960935,0.9931011
27984,0.059445765,0.20792963
27985,0.07821107,0.92382455
27986,0.98016536,0.94135547
27987,0.074861355,0.9041836
27988,0.03218123,0.58502805
27989,0.015568613,0.25853762
27990,0.15461318,0.67294186
27991,0.074629225,0.51549083
27992,0.027882015,0.06531555
27993,0.03161652,0.08325826
27994,0.24555866,0.8592341
27995,0.06575515,0.7382256
27996,0.022985218,0.055593546
27997,0.2903205,0.21696511
27998,0.027355788,0.6812281
27999,0.6492025,0.879792
28000,0.011424245,0.04352526
28001,0.023512905,0.07644469
28002,0.014715493,0.064705156
28003,0.01780003,0.2160472
28004,0.47918215,0.75632656
28005,0.045580767,0.34120566
28006,0.054184064,0.053126995
28007,0.024643637,0.4075366
28008,0.008593713,0.8802591
28009,0.0068478556,0.39358073
28010,0.022977868,0.06251134
28011,0.00456419,0.6700942
28012,0.92277116,0.9236372
28013,0.23673554,0.74211514
28014,0.0064787543,0.05255646
28015,0.10830605,0.6302922
28016,0.6744582,0.940132
28017,0.078373566,0.26059505
28018,0.016821302,0.70027715
28019,0.08127227,0.12871379
28020,0.028003683,0.060415484
28021,0.42668152,0.29894
28022,0.65229744,0.78422743
28023,0.62286043,0.37842503
28024,0.023025516,0.4728337
28025,0.46294776,0.7004792
28026,0.04714881,0.17032671
28027,0.34661576,0.78752124
28028,0.24986313,0.9626279
28029,0.39323866,0.7776722
28030,0.95684636,0.98956513
28031,0.00084964384,0.06943041
28032,0.008021565,0.51098216
28033,0.13450015,0.038931567
28034,0.73492366,0.7442371
28035,0.27224723,0.09690829
28036,0.03563229,0.10888061
28037,0.006391067,0.9030723
28038,0.0013427353,0.05177517
28039,0.0135663925,0.2754703
28040,0.22922798,0.93627894
28041,0.2786448,0.91825485
28042,0.08272869,0.12024652
28043,0.8331111,0.9881485
28044,0.007603027,0.2640164
28045,0.18863507,0.58949107
28046,0.015078526,0.57525694
28047,0.09210102,0.71363753
28048,0.016622748,0.11610497
28049,0.03304464,0.9340857
28050,0.01707488,0.18733688
28051,0.039584123,0.8510117
28052,0.062692314,0.13637201
28053,0.03925464,0.10866086
28054,0.2744946,0.079016596
28055,0.019199958,0.3193923
28056,0.6048645,0.95817965
28057,0.003991785,0.685185
28058,0.002976794,0.29829693
28059,0.037691575,0.122174814
28060,0.031825047,0.12847306
28061,0.025523273,0.13393405
28062,0.102296546,0.4069937
28063,0.144368,0.29770625
28064,0.053854447,0.7255479
28065,0.025057511,0.201234
28066,0.019024892,0.7408079
28067,0.0660827,0.9232252
28068,0.3577054,0.1243105
28069,0.08910028,0.55382925
28070,0.021818236,0.5157036
28071,0.05674287,0.57559603
28072,0.05281953,0.18995406
28073,0.018684888,0.049651433
28074,0.87389106,0.6337289
28075,0.08787411,0.15980569
28076,0.026956638,0.8350686
28077,0.034034327,0.09754904
28078,0.11854688,0.8229405
28079,0.689826,0.9300224
28080,0.04979778,0.15946108
28081,0.10856707,0.82973963
28082,0.35758233,0.69049203
28083,0.0014395912,0.006903351
28084,0.08531064,0.02257978
28085,0.8573284,0.3164019
28086,0.041356597,0.67550826
28087,0.026988858,0.91885513
28088,0.80463153,0.60951966
28089,0.0019212463,0.20061113
28090,0.0052090315,0.30590758
28091,0.034131687,0.14784628
28092,0.01635557,0.00857498
28093,0.0071539297,0.39246944
28094,0.018381095,0.4600102
28095,0.9211443,0.9318256
28096,0.27602574,0.942708
28097,0.14619783,0.09831446
28098,0.030431965,0.33030897
28099,0.24352878,0.1402314
28100,0.005747556,0.11755529
28101,0.21148537,0.884693
28102,0.07934009,0.2686368
28103,0.022980042,0.80858487
28104,0.7491613,0.99293935
28105,0.016648147,0.022551177
28106,0.058914416,0.35635638
28107,0.07474888,0.1036503
28108,0.72467893,0.8688676
28109,0.10995213,0.16614491
28110,0.17214039,0.9214205
28111,0.03001072,0.48096606
28112,0.09819901,0.48992825
28113,0.08198901,0.72063094
28114,0.005403319,0.06264411
28115,0.076444015,0.69216365
28116,0.015598532,0.27119148
28117,0.017972806,0.06836825
28118,0.03653057,0.07956956
28119,0.75093704,0.82018036
28120,0.75961024,0.69064975
28121,0.26826015,0.8154804
28122,0.015665663,0.0073270984
28123,0.02358663,0.02384908
28124,0.025946243,0.19893044
28125,0.08188214,0.6168571
28126,0.37975672,0.3877741
28127,0.12019989,0.36098543
28128,0.05692815,0.044528272
28129,0.36584556,0.74311453
28130,0.029956486,0.16917768
28131,0.15813144,0.06774947
28132,0.25512543,0.96952057
28133,0.21044418,0.9526741
28134,0.47930494,0.60441667
28135,0.025810007,0.8156977
28136,0.038756646,0.8916517
28137,0.062607065,0.14508525
28138,0.24196854,0.7648075
28139,0.17136614,0.95307004
28140,0.6694448,0.8676325
28141,0.010380591,0.029059744
28142,0.008347126,0.11152871
28143,0.064299054,0.20390017
28144,0.039423756,0.88632154
28145,0.10925785,0.49491575
28146,0.045761496,0.28078306
28147,0.020782951,0.31916907
28148,0.3613705,0.51987535
28149,0.01824237,0.08461897
28150,0.046568315,0.7374174
28151,0.03633192,0.5869561
28152,0.06073223,0.5276008
28153,0.04836442,0.040234968
28154,0.040539328,0.05273206
28155,0.018110864,0.8317585
28156,0.079321206,0.90772825
28157,0.1647408,0.11277095
28158,0.68125004,0.9548997
28159,0.5126639,0.93022054
28160,0.021560945,0.053107053
28161,0.053117104,0.5261254
28162,0.0764421,0.9249905
28163,0.22209954,0.45415
28164,0.62541354,0.854954
28165,0.08108178,0.08777544
28166,0.84878695,0.9623388
28167,0.04802199,0.066346675
28168,0.33970612,0.75406
28169,0.035632018,0.10317717
28170,0.044465184,0.46370864
28171,0.032814965,0.3196571
28172,0.11692212,0.633978
28173,0.0095422175,0.040735453
28174,0.13655148,0.20106992
28175,0.405177,0.96643186
28176,0.002682988,0.020665787
28177,0.40952477,0.33751273
28178,0.05162652,0.63772285
28179,0.078582235,0.24795003
28180,0.06865322,0.16191705
28181,0.059825867,0.2136491
28182,0.33046,0.45396757
28183,0.16984816,0.043097053
28184,0.0058539277,0.03421033
28185,0.032729633,0.24316971
28186,0.12201935,0.2949707
28187,0.37456593,0.5534427
28188,0.037416972,0.18725479
28189,0.002907491,0.096274205
28190,0.033106122,0.32596892
28191,0.0012348813,0.007008957
28192,0.01492791,0.140403
28193,0.015070306,0.8814827
28194,0.0028704773,0.49255827
28195,0.7437998,0.9572351
28196,0.61512756,0.8382411
28197,0.04183337,0.31897154
28198,0.3743332,0.9476331
28199,0.024452966,0.3813931
28200,0.055263784,0.26172343
28201,0.07169357,0.095169626
28202,0.093164526,0.5808475
28203,0.18337582,0.91348994
28204,0.043886177,0.17423883
28205,0.6197051,0.18955731
28206,0.07060669,0.2657481
28207,0.31633806,0.80814695
28208,0.04987003,0.44872347
28209,0.16524678,0.54227805
28210,0.052764796,0.04181911
28211,0.916239,0.53672737
28212,0.7738478,0.76520073
28213,0.98225695,0.96844673
28214,0.005140733,0.20109591
28215,0.19254771,0.2991323
28216,0.11805705,0.2820104
28217,0.0046288217,0.029382728
28218,0.9499218,0.932104
28219,0.014959918,0.020789394
28220,0.04636817,0.12066644
28221,0.05791126,0.11751824
28222,0.4584599,0.5977689
28223,0.12277423,0.9205762
28224,0.067228734,0.05615182
28225,0.17633605,0.47773293
28226,0.0034161524,0.039403986
28227,0.32735202,0.9793956
28228,0.018224401,0.32557288
28229,0.441006,0.9735449
28230,0.0036749018,0.0048835445
28231,0.4020003,0.9329877
28232,0.20811054,0.4098014
28233,0.021419058,0.20930299
28234,0.7255908,0.99406683
28235,0.0040616533,0.44826046
28236,0.05816791,0.06982893
28237,0.06590459,0.12179743
28238,0.27434084,0.93673193
28239,0.11337871,0.49299723
28240,0.8956026,0.44317496
28241,0.015503539,0.05650381
28242,0.4389012,0.68288475
28243,0.007370502,0.57583135
28244,0.15390176,0.9233858
28245,0.015029981,0.7031193
28246,0.0017341668,0.041120578
28247,0.07746683,0.11245329
28248,0.089199014,0.55326176
28249,0.031430755,0.29257348
28250,0.4022245,0.9373654
28251,0.47226325,0.87897605
28252,0.25495058,0.12676415
28253,0.14881545,0.9109414
28254,0.1942532,0.16418052
28255,0.071032956,0.39286175
28256,0.5613494,0.86675566
28257,0.0025975916,0.064028405
28258,0.050735246,0.041562356
28259,0.108310364,0.839007
28260,0.17555392,0.4296442
28261,0.8943096,0.58144456
28262,0.064955115,0.19448572
28263,0.06524264,0.21525785
28264,0.35474187,0.76685196
28265,0.24061933,0.9592314
28266,0.0021480825,0.0070522656
28267,0.0028136268,0.36252442
28268,0.0074535464,0.05456201
28269,0.008907662,0.07824542
28270,0.49394292,0.94633
28271,0.33426574,0.736162
28272,0.12763134,0.72438335
28273,0.04862153,0.5055791
28274,0.46639964,0.8985965
28275,0.04633987,0.5885717
28276,0.017916355,0.526981
28277,0.005568385,0.04623684
28278,0.040701617,0.72181827
28279,0.36939645,0.8501275
28280,0.008618183,0.17433244
28281,0.007995166,0.0147244
28282,0.003081415,0.06295127
28283,0.48215413,0.15444492
28284,0.87393147,0.2768486
28285,0.064698055,0.5414318
28286,0.025487,0.05309745
28287,0.028519914,0.19482888
28288,0.020871589,0.46592972
28289,0.026486207,0.045039777
28290,0.03483811,0.05358351
28291,0.8519379,0.9499261
28292,0.012972315,0.19893596
28293,0.016941125,0.20930621
28294,0.09961575,0.74503976
28295,0.02437323,0.29699406
28296,0.3925156,0.4603996
28297,0.015153825,0.02205386
28298,0.023681797,0.82515264
28299,0.21834002,0.14385654
28300,0.079103254,0.18427509
28301,0.013774367,0.027855776
28302,0.113346435,0.48154697
28303,0.9683165,0.99434114
28304,0.009517486,0.38051826
28305,0.027421895,0.15112579
28306,0.078943744,0.04650309
28307,0.02573202,0.762212
28308,0.16029266,0.975201
28309,0.0015736447,0.087476715
28310,0.1008728,0.11092842
28311,0.06668811,0.95305693
28312,0.005759987,0.69662046
28313,0.043146044,0.14981356
28314,0.044708002,0.46349794
28315,0.9415872,0.9715414
28316,0.06658934,0.1782881
28317,0.0366799,0.02654256
28318,0.0032753183,0.044182707
28319,0.022153812,0.2731487
28320,0.6529977,0.9546929
28321,0.17698763,0.99426407
28322,0.035015713,0.43949133
28323,0.057595313,0.7665257
28324,0.006735454,0.972321
28325,0.0050594797,0.69240326
28326,0.29089448,0.7770565
28327,0.9581433,0.926709
28328,0.31445462,0.59061486
28329,0.027963907,0.57476574
28330,0.23113267,0.4429906
28331,0.07446285,0.0137841
28332,0.010829731,0.046900805
28333,0.07075998,0.08803208
28334,0.026233109,0.10143786
28335,0.009839236,0.17594835
28336,0.047152698,0.5067588
28337,0.10249933,0.07523771
28338,0.089879505,0.25461948
28339,0.7243311,0.8260667
28340,0.25311428,0.39323917
28341,0.17126775,0.92378706
28342,0.3031322,0.07333045
28343,0.8821183,0.85793644
28344,0.3559859,0.26385614
28345,0.03818491,0.47943813
28346,0.10457639,0.70122445
28347,0.34690544,0.8440801
28348,0.046152737,0.5335391
28349,0.0063156006,0.024140097
28350,0.92501247,0.98442763
28351,0.039406233,0.6528105
28352,0.022945683,0.67534965
28353,0.8051198,0.84273577
28354,0.005753988,0.04089986
28355,0.1347143,0.36099026
28356,0.013249608,0.6138385
28357,0.027666332,0.021873282
28358,0.65000194,0.6805668
28359,0.006774594,0.9604916
28360,0.18208915,0.8526495
28361,0.034460578,0.26118955
28362,0.18176885,0.9081913
28363,0.891552,0.94580114
28364,0.89729625,0.98789513
28365,0.003921592,0.064646006
28366,0.083978236,0.16193357
28367,0.014298148,0.3676382
28368,0.3807613,0.915951
28369,0.031050451,0.01134563
28370,0.6391482,0.83483624
28371,0.309616,0.18334794
28372,0.044324663,0.053698562
28373,0.087766886,0.12795289
28374,0.025416475,0.20571046
28375,0.105622776,0.29897642
28376,0.05706157,0.47561187
28377,0.020878006,0.06705639
28378,0.0014953619,0.009980338
28379,0.017793361,0.4537322
28380,0.05180548,0.15790561
28381,0.39381763,0.97304654
28382,0.35011372,0.19110999
28383,0.013725708,0.02271592
28384,0.04314648,0.115931414
28385,0.48447034,0.8640158
28386,0.052742984,0.4019507
28387,0.30819714,0.961831
28388,0.47083572,0.7290909
28389,0.051909436,0.12792596
28390,0.18524703,0.93041277
28391,0.08208419,0.14448479
28392,0.15139,0.7177848
28393,0.018014506,0.9615513
28394,0.015120728,0.40586624
28395,0.026355213,0.8547713
28396,0.02882771,0.3434529
28397,0.13627608,0.31815806
28398,0.01037081,0.056241978
28399,0.92897564,0.966003
28400,0.038566325,0.88410014
28401,0.013949321,0.052636717
28402,0.49151433,0.45481777
28403,0.37629598,0.8345442
28404,0.015913522,0.8800915
28405,0.067879446,0.07451152
28406,0.14427106,0.11183868
28407,0.76143295,0.3278945
28408,0.14775321,0.97750866
28409,0.005426413,0.026927793
28410,0.79943687,0.9590649
28411,0.27593958,0.34156004
28412,0.8131723,0.97061104
28413,0.24013709,0.36532775
28414,0.962811,0.9958586
28415,0.00058916723,0.04095665
28416,0.006583516,0.15753451
28417,0.028181922,0.057113867
28418,0.4465387,0.3690228
28419,0.880165,0.92398375
28420,0.8036549,0.96119815
28421,0.102774955,0.75760275
28422,0.03802918,0.15738705
28423,0.0018235451,0.04212887
28424,0.4813795,0.067486785
28425,0.018392744,0.06323856
28426,0.037037805,0.30205593
28427,0.5972957,0.38054517
28428,0.037059624,0.77252126
28429,0.03521679,0.032638147
28430,0.87560177,0.8074793
28431,0.9837015,0.97244376
28432,0.008139066,0.0111594675
28433,0.20225558,0.27176386
28434,0.056966074,0.687612
28435,0.07148043,0.7422089
28436,0.16468702,0.030977141
28437,0.03115489,0.2875876
28438,0.042003326,0.030870993
28439,0.1073664,0.17012589
28440,0.004979101,0.8947273
28441,0.8656753,0.9614574
28442,0.01147368,0.9268204
28443,0.81989765,0.8949352
28444,0.3619311,0.5497648
28445,0.026364366,0.28224736
28446,0.0261328,0.20705567
28447,0.05923784,0.69318414
28448,0.5449053,0.15412627
28449,0.05677759,0.54102427
28450,0.02642655,0.42089385
28451,0.014672661,0.14709915
28452,0.010790165,0.023395205
28453,0.0038279498,0.5405155
28454,0.014528348,0.18694997
28455,0.88820183,0.90739036
28456,0.06218227,0.37836385
28457,0.33920118,0.8080765
28458,0.14131434,0.46908942
28459,0.0010388122,0.0061733816
28460,0.006039914,0.049178537
28461,0.3428946,0.5105226
28462,0.036799826,0.29301462
28463,0.9206021,0.10280955
28464,0.099335186,0.6975631
28465,0.8695265,0.6783627
28466,0.030210702,0.116057396
28467,0.1977099,0.67886007
28468,0.02232745,0.14294405
28469,0.041779358,0.37447625
28470,0.047892723,0.23796281
28471,0.15287362,0.95614064
28472,0.06399181,0.43085876
28473,0.002366359,0.37824714
28474,0.008328213,0.3459052
28475,0.32455376,0.42399967
28476,0.010905526,0.033015255
28477,0.015125129,0.027862746
28478,0.11326504,0.6931496
28479,0.37195584,0.6985524
28480,0.02201794,0.3947098
28481,0.01952467,0.60348284
28482,0.018757181,0.8329964
28483,0.007892444,0.54089427
28484,0.014482399,0.23948547
28485,0.0046877055,0.007460555
28486,0.0072776997,0.02628496
28487,0.0031195325,0.022135135
28488,0.0549316,0.90286964
28489,0.22595474,0.33677706
28490,0.00981948,0.8201422
28491,0.13714176,0.37534207
28492,0.016674677,0.8386508
28493,0.0070480634,0.01604553
28494,0.55001533,0.6355606
28495,0.022957606,0.077573664
28496,0.035392046,0.91955817
28497,0.014775748,0.12779532
28498,0.033990733,0.261288
28499,0.12309992,0.8726182
28500,0.024025938,0.08927186
28501,0.07464215,0.43269667
28502,0.02490134,0.21975271
28503,0.19329819,0.13753131
28504,0.0041608014,0.25637108
28505,0.002159925,0.0070892517
28506,0.5928927,0.79147786
28507,0.009554024,0.082417764
28508,0.9916385,0.9802947
28509,0.016944015,0.13486913
28510,0.5481618,0.5037807
28511,0.019000035,0.7896668
28512,0.00862477,0.33590013
28513,0.22574773,0.43792987
28514,0.098031856,0.4577705
28515,0.044177722,0.12965992
28516,0.14782344,0.3007379
28517,0.015861513,0.10654076
28518,0.5513397,0.75359946
28519,0.033049267,0.19694634
28520,0.039799713,0.1090611
28521,0.22991297,0.8140105
28522,0.39367548,0.48316938
28523,0.021492157,0.07599232
28524,0.19671492,0.21356438
28525,0.15406097,0.17052108
28526,0.24530506,0.076731205
28527,0.015571524,0.20616424
28528,0.51821584,0.6448802
28529,0.0008756696,0.023520391
28530,0.12541425,0.9787676
28531,0.045993306,0.14433464
28532,0.028125472,0.046094354
28533,0.09991829,0.098195195
28534,0.0025666873,0.011329601
28535,0.011297727,0.025434623
28536,0.018585777,0.5209225
28537,0.03749165,0.66915005
28538,0.72462827,0.8503291
28539,0.0010016938,0.06196423
28540,0.06715117,0.98778826
28541,0.27094266,0.66812897
28542,0.061895944,0.07375954
28543,0.046601523,0.2525952
28544,0.39301646,0.5694856
28545,0.11719307,0.8085157
28546,0.25663865,0.114860125
28547,0.10297577,0.7629939
28548,0.0019048968,0.045753703
28549,0.0028021273,0.1118709
28550,0.00669229,0.41257757
28551,0.43005905,0.9756266
28552,0.48169982,0.33253133
28553,0.07562175,0.057575062
28554,0.05381417,0.7309019
28555,0.21859455,0.3828027
28556,0.008985344,0.1201981
28557,0.1705023,0.91372055
28558,0.0284582,0.41796777
28559,0.006230955,0.09088052
28560,0.2567139,0.6029046
28561,0.3489171,0.7841936
28562,0.061643638,0.10151796
28563,0.11769724,0.10187831
28564,0.04871354,0.0759884
28565,0.18699363,0.49556476
28566,0.021848358,0.59005266
28567,0.022997424,0.09278149
28568,0.012692138,0.22829011
28569,0.2658514,0.48583522
28570,0.01232307,0.2439787
28571,0.0011447427,0.022228232
28572,0.003003422,0.14444692
28573,0.9066608,0.96914715
28574,0.19339937,0.5362049
28575,0.2790912,0.70231694
28576,0.16972813,0.19397224
28577,0.030442843,0.96763533
28578,0.008259266,0.016296646
28579,0.27846014,0.722964
28580,0.47195768,0.6835156
28581,0.054418076,0.5210593
28582,0.5901027,0.21714969
28583,0.07656297,0.7752065
28584,0.09160313,0.90758556
28585,0.08582782,0.14271618
28586,0.18145446,0.25101498
28587,0.066819936,0.86371833
28588,0.19656654,0.4388773
28589,0.8340066,0.9591491
28590,0.0059443535,0.06132656
28591,0.91916263,0.98167014
28592,0.93424094,0.9888932
28593,0.1998608,0.89747727
28594,0.019802852,0.09238149
28595,0.08219628,0.6683281
28596,0.011589264,0.15113245
28597,0.049082194,0.91311723
28598,0.036412302,0.0637613
28599,0.110600755,0.14913401
28600,0.0062693707,0.591096
28601,0.39941204,0.86010367
28602,0.19463779,0.6258816
28603,0.22941113,0.85242033
28604,0.23831315,0.09842129
28605,0.037853707,0.083575495
28606,0.101296626,0.3343874
28607,0.0009846085,0.016148258
28608,0.1299421,0.10955636
28609,0.3229365,0.84789145
28610,0.28871664,0.23748487
28611,0.015603475,0.20166004
28612,0.11217086,0.91487503
28613,0.02946531,0.09092219
28614,0.006712534,0.037226472
28615,0.018929107,0.1954784
28616,0.064544275,0.48103037
28617,0.0165833,0.06782485
28618,0.06795094,0.057860263
28619,0.18887469,0.45101896
28620,0.3411671,0.77463543
28621,0.009799272,0.90592754
28622,0.6914239,0.96166986
28623,0.009835752,0.051586993
28624,0.01566828,0.592741
28625,0.04199531,0.03765539
28626,0.14369327,0.83054817
28627,0.022018392,0.5242643
28628,0.06415932,0.34158945
28629,0.0015090745,0.005376417
28630,0.6567561,0.9444227
28631,0.09144549,0.21744087
28632,0.14146538,0.14868401
28633,0.3597599,0.6866205
28634,0.52162665,0.38820174
28635,0.24460195,0.6698297
28636,0.051046297,0.74861485
28637,0.2737567,0.76989996
28638,0.06278564,0.24338216
28639,0.006007188,0.62682813
28640,0.045600478,0.6532144
28641,0.010599818,0.21151374
28642,0.057492934,0.25433192
28643,0.0060696527,0.18610336
28644,0.1060222,0.5067598
28645,0.12088064,0.7408776
28646,0.23905315,0.30581054
28647,0.018313086,0.33634588
28648,0.04338482,0.4874217
28649,0.21066903,0.24901994
28650,0.0067125466,0.031219155
28651,0.8826645,0.65874845
28652,0.07600305,0.033161618
28653,0.05800289,0.6833313
28654,0.16789317,0.93929565
28655,0.1066338,0.6899981
28656,0.42305335,0.600631
28657,0.08798864,0.043168817
28658,0.9529517,0.9823132
28659,0.0040440364,0.006536416
28660,0.8996166,0.13862036
28661,0.42787257,0.48655167
28662,0.038102467,0.11223377
28663,0.05350566,0.431692
28664,0.03600991,0.8920456
28665,0.50202394,0.19701453
28666,0.027001997,0.07207659
28667,0.44611636,0.60714936
28668,0.13221766,0.21999098
28669,0.2659346,0.887604
28670,0.048433103,0.06736745
28671,0.02182625,0.05432604
28672,0.00893719,0.6153739
28673,0.30466008,0.7843379
28674,0.29194766,0.10793969
28675,0.751339,0.9825156
28676,0.053113226,0.72152823
28677,0.049914625,0.8754253
28678,0.010168808,0.20736161
28679,0.6544829,0.77576154
28680,0.009243431,0.17320523
28681,0.22965953,0.93685174
28682,0.74313015,0.9686692
28683,0.075948015,0.24056421
28684,0.004630261,0.01930183
28685,0.004990072,0.13609384
28686,0.40588513,0.92560786
28687,0.00029206564,0.016250232
28688,0.24607092,0.7800304
28689,0.6415118,0.91750413
28690,0.07633525,0.6616982
28691,0.3297345,0.69682485
28692,0.13996892,0.96001387
28693,0.023120206,0.8548841
28694,0.3389454,0.63029045
28695,0.08507619,0.5663822
28696,0.023392178,0.3706562
28697,0.069818765,0.34282187
28698,0.9497341,0.7478734
28699,0.04525599,0.16339567
28700,0.012260877,0.9162582
28701,0.1020242,0.18613721
28702,0.028680665,0.26112458
28703,0.046826962,0.6434531
28704,0.49028862,0.9709637
28705,0.36542252,0.9366831
28706,0.0131397955,0.17297925
28707,0.0026770208,0.03963242
28708,0.2094694,0.18981668
28709,0.011032508,0.036027074
28710,0.936358,0.90389204
28711,0.8185978,0.9673379
28712,0.17714943,0.082538866
28713,0.23604354,0.5052931
28714,0.6723789,0.67247164
28715,0.8205034,0.9341148
28716,0.019852752,0.048241917
28717,0.058785856,0.60692424
28718,0.089242704,0.5138546
28719,0.0029911618,0.026640851
28720,0.058925886,0.044425108
28721,0.009237502,0.25109202
28722,0.09762687,0.4842392
28723,0.1901017,0.96243894
28724,0.15832452,0.57406026
28725,0.15765756,0.9629514
28726,0.13524769,0.1971976
28727,0.016989147,0.3853026
28728,0.09650639,0.31041038
28729,0.05627527,0.736402
28730,0.34656265,0.8286601
28731,0.08735082,0.63698584
28732,0.07463593,0.12243485
28733,0.012280515,0.37866163
28734,0.013345011,0.40040228
28735,0.010844612,0.30008334
28736,0.060738,0.12540244
28737,0.2058927,0.774238
28738,0.034983173,0.955184
28739,0.041952588,0.61244965
28740,0.6710713,0.94998026
28741,0.0017890409,0.8214762
28742,0.211612,0.11021941
28743,0.02173228,0.111746125
28744,0.07866557,0.8635049
28745,0.122177735,0.9808102
28746,0.41393876,0.16392712
28747,0.16658501,0.95309633
28748,0.8449025,0.9096511
28749,0.062482577,0.41684255
28750,0.27358526,0.32852492
28751,0.28207335,0.791224
28752,0.1961795,0.129366
28753,0.19611207,0.013320071
28754,0.6956418,0.5080132
28755,0.14473607,0.5777678
28756,0.015865652,0.08252083
28757,0.079782836,0.17640716
28758,0.08525501,0.064480126
28759,0.011829011,0.29987606
28760,0.011366032,0.18173325
28761,0.35389143,0.6006441
28762,0.5885916,0.8995132
28763,0.074359186,0.4459416
28764,0.80826485,0.7718513
28765,0.048100352,0.7386879
28766,0.16954587,0.81294996
28767,0.070028506,0.24402684
28768,0.0065660933,0.020114187
28769,0.16425058,0.694476
28770,0.42153203,0.88650316
28771,0.5879899,0.88203204
28772,0.020903261,0.61684114
28773,0.006605445,0.7888071
28774,0.95748454,0.9447842
28775,0.011963009,0.42132086
28776,0.16337548,0.5124967
28777,0.044663176,0.34554493
28778,0.40699586,0.33807838
28779,0.44427738,0.8351671
28780,0.035876885,0.061458413
28781,0.49236947,0.9308037
28782,0.30208033,0.96108586
28783,0.022843808,0.58492005
28784,0.0207919,0.13637306
28785,0.025727926,0.44499528
28786,0.044638667,0.14332698
28787,0.0024074041,0.04978809
28788,0.010272422,0.09843523
28789,0.30162483,0.4588146
28790,0.716723,0.6531331
28791,0.6076989,0.81190616
28792,0.68981403,0.69850117
28793,0.75071293,0.9499436
28794,0.004402405,0.05789215
28795,0.08623187,0.10902006
28796,0.0006285629,0.02613887
28797,0.88260686,0.9266901
28798,0.11726568,0.92421085
28799,0.059482213,0.21314816
28800,0.11292486,0.17399566
28801,0.010483135,0.21694809
28802,0.13503034,0.33786994
28803,0.013791291,0.8620851
28804,0.1299694,0.92895967
28805,0.0021891242,0.074345425
28806,0.8518645,0.7468785
28807,0.008405577,0.15501834
28808,0.075616315,0.14030845
28809,0.0044500967,0.7666269
28810,0.008145058,0.2261697
28811,0.08020623,0.8304127
28812,0.014282035,0.05955893
28813,0.13313304,0.4404957
28814,0.22996297,0.2926723
28815,0.0075706644,0.07550026
28816,0.0104747685,0.22771364
28817,0.0045918254,0.12020745
28818,0.022549676,0.18444845
28819,0.06989125,0.755586
28820,0.023597432,0.15156402
28821,0.00410486,0.058953926
28822,0.018438557,0.068860814
28823,0.1324165,0.89405924
28824,0.82723176,0.9616175
28825,0.2587295,0.32673872
28826,0.23970169,0.38451105
28827,0.70496535,0.86935365
28828,0.07214548,0.14606789
28829,0.034385182,0.047923833
28830,0.052875336,0.56594515
28831,0.02482255,0.21587235
28832,0.20649776,0.36067936
28833,0.058172885,0.28029877
28834,0.20493373,0.44803053
28835,0.08035988,0.36117056
28836,0.015340819,0.5084546
28837,0.46269712,0.82665133
28838,0.031780653,0.6530059
28839,0.5540404,0.93382645
28840,0.004516406,0.32824397
28841,0.029721662,0.18042706
28842,0.67896354,0.26797965
28843,0.23001711,0.85427177
28844,0.010686118,0.12727335
28845,0.07057517,0.11175918
28846,0.7387248,0.9407942
28847,0.016337775,0.10838445
28848,0.3996799,0.48712376
28849,0.034935184,0.47075635
28850,0.014713744,0.15885536
28851,0.3077223,0.12977433
28852,0.29856774,0.8517321
28853,0.036080606,0.052949563
28854,0.071492285,0.9877581
28855,0.08444735,0.17919683
28856,0.008766914,0.56924206
28857,0.03765457,0.35034755
28858,0.04786719,0.84056747
28859,0.030351426,0.0593132
28860,0.060850736,0.546343
28861,0.7572211,0.86287284
28862,0.030337399,0.3328687
28863,0.408098,0.9750632
28864,0.73565507,0.61051226
28865,0.048148755,0.89670175
28866,0.32367274,0.12557097
28867,0.014009277,0.20974363
28868,0.011984231,0.017708268
28869,0.051602338,0.10387344
28870,0.052708756,0.097170345
28871,0.05532127,0.023826221
28872,0.07115898,0.74887294
28873,0.02297121,0.03966715
28874,0.02323129,0.754683
28875,0.29732126,0.8358312
28876,0.16279823,0.77019435
28877,0.00736188,0.054511636
28878,0.0027901118,0.085268416
28879,0.08861339,0.67429364
28880,0.3515956,0.6077762
28881,0.018828932,0.048734155
28882,0.597614,0.9809553
28883,0.48200795,0.2697999
28884,0.04807275,0.091492966
28885,0.47581434,0.2569253
28886,0.017818678,0.25250003
28887,0.009865979,0.034787133
28888,0.044058137,0.129273
28889,0.014072271,0.082020834
28890,0.08251675,0.5231303
28891,0.008336346,0.19671759
28892,0.038488895,0.17147225
28893,0.16020525,0.57337874
28894,0.018595045,0.0670721
28895,0.009036325,0.08377698
28896,0.51189834,0.3593479
28897,0.2017708,0.9646295
28898,0.015163286,0.3774218
28899,0.01809316,0.43407765
28900,0.04658928,0.14554967
28901,0.014057275,0.97814584
28902,0.54110694,0.3009119
28903,0.06382567,0.088810235
28904,0.28259385,0.6964784
28905,0.1814122,0.8331919
28906,0.008144943,0.9450432
28907,0.005590357,0.016262777
28908,0.6297413,0.9454694
28909,0.41350052,0.5347761
28910,0.05564562,0.61627805
28911,0.3440363,0.56296015
28912,0.044521265,0.9760685
28913,0.093618326,0.42064074
28914,0.072146796,0.9603148
28915,0.2602373,0.017687941
28916,0.034033604,0.6797948
28917,0.16022909,0.81679493
28918,0.70640177,0.7818024
28919,0.46016347,0.7915552
28920,0.6281511,0.6288275
28921,0.14751239,0.7754226
28922,0.067278706,0.30525175
28923,0.86091405,0.9270814
28924,0.022782521,0.9745131
28925,0.4631318,0.7879805
28926,0.031772975,0.038862556
28927,0.0040042335,0.19354409
28928,0.27339312,0.8894033
28929,0.038449053,0.12245437
28930,0.013662315,0.06927519
28931,0.021472659,0.4105592
28932,0.77204293,0.4206157
28933,0.0045943414,0.058202546
28934,0.07758291,0.57597136
28935,0.3690147,0.5426
28936,0.004790834,0.12594265
28937,0.032719396,0.9075489
28938,0.009109526,0.17139621
28939,0.17775396,0.49944225
28940,0.1923074,0.54544353
28941,0.053495415,0.73724705
28942,0.030165415,0.14596288
28943,0.019166633,0.53743535
28944,0.012734399,0.32401115
28945,0.043808628,0.36700356
28946,0.20782487,0.023914356
28947,0.07481057,0.08146529
28948,0.15024096,0.3537026
28949,0.06553733,0.37223613
28950,0.06258204,0.98436666
28951,0.0212597,0.1303237
28952,0.019565973,0.67273426
28953,0.0898398,0.8988686
28954,0.008133009,0.048058104
28955,0.1006901,0.84205914
28956,0.059302427,0.4323356
28957,0.06218412,0.42221516
28958,0.029128911,0.2373659
28959,0.030628785,0.49608472
28960,0.26935342,0.8471829
28961,0.32203937,0.3181695
28962,0.72274816,0.1889193
28963,0.0036489486,0.5743469
28964,0.09789969,0.51630026
28965,0.5146886,0.070738114
28966,0.08396353,0.08544947
28967,0.451356,0.9331903
28968,0.15353282,0.81217915
28969,0.12338258,0.23194538
28970,0.026028644,0.009723906
28971,0.17322597,0.5379612
28972,0.111717775,0.95412654
28973,0.03956228,0.4600042
28974,0.045838904,0.038968265
28975,0.037409797,0.17477663
28976,0.023731355,0.70229405
28977,0.07795812,0.11939874
28978,0.0048787617,0.12925963
28979,0.027133776,0.9480776
28980,0.037056588,0.08338456
28981,0.42552334,0.73048085
28982,0.011969543,0.07288167
28983,0.001526154,0.016631816
28984,0.46345213,0.78400564
28985,0.04880808,0.05965803
28986,0.31188914,0.7926434
28987,0.010958197,0.09559431
28988,0.32943723,0.33690146
28989,0.1791868,0.94926816
28990,0.039206743,0.38466352
28991,0.33085957,0.749695
28992,0.015439722,0.11015281
28993,0.0005193403,0.14137052
28994,0.20082435,0.286249
28995,0.046064693,0.3547649
28996,0.13724399,0.76702255
28997,0.09723962,0.30707186
28998,0.2572171,0.75398403
28999,0.15233487,0.08800125
29000,0.9317606,0.98867756
29001,0.09258946,0.34447032
29002,0.035877544,0.4223297
29003,0.3586628,0.8482515
29004,0.8282609,0.92536056
29005,0.013063719,0.68713933
29006,0.038833,0.08835773
29007,0.0252661,0.89643973
29008,0.45450723,0.5955149
29009,0.025991414,0.48712352
29010,0.02770242,0.31559485
29011,0.07996016,0.16668892
29012,0.023337735,0.040407933
29013,0.018287845,0.3281737
29014,0.31367052,0.43811238
29015,0.17560537,0.0559459
29016,0.0036740797,0.7454504
29017,0.07846998,0.93065804
29018,0.022289822,0.06319995
29019,0.10120899,0.60857046
29020,0.44194233,0.6425593
29021,0.20094076,0.2713985
29022,0.558708,0.38583767
29023,0.7742478,0.8342612
29024,0.2521232,0.5851398
29025,0.0037910398,0.08574592
29026,0.42851046,0.81416523
29027,0.80503964,0.96021926
29028,0.01377876,0.27005318
29029,0.01996413,0.16214411
29030,0.029305054,0.14781895
29031,0.030521866,0.07459061
29032,0.3523192,0.9103951
29033,0.032292183,0.57624227
29034,0.7584079,0.42908576
29035,0.007778427,0.26712596
29036,0.029073207,0.6031616
29037,0.030135028,0.9100425
29038,0.016817193,0.22362424
29039,0.2909481,0.5816569
29040,0.020150103,0.33482933
29041,0.23988616,0.8397819
29042,0.07166143,0.011724847
29043,0.03692128,0.26549512
29044,0.9869838,0.9642853
29045,0.14965497,0.14856334
29046,0.0021880933,0.32788375
29047,0.078630485,0.140982
29048,0.8568166,0.71974117
29049,0.6492128,0.9553787
29050,0.025541171,0.7524858
29051,0.74532974,0.58768284
29052,0.036549833,0.03505086
29053,0.12324368,0.6918604
29054,0.0473437,0.08090566
29055,0.016199892,0.8269033
29056,0.018967004,0.67152786
29057,0.07207319,0.9293575
29058,0.0069847163,0.02001296
29059,0.0044889576,0.2406506
29060,0.11882103,0.79704016
29061,0.01360511,0.5444502
29062,0.07004197,0.34579942
29063,0.89657885,0.90370977
29064,0.9799903,0.9951481
29065,0.04051948,0.07544165
29066,0.23827785,0.8925677
29067,0.4475365,0.95374775
29068,0.0010079833,0.09321679
29069,0.0132458005,0.8944741
29070,0.004665847,0.37154487
29071,0.3120684,0.5505829
29072,0.067260705,0.8477163
29073,0.010804635,0.0960443
29074,0.880816,0.96010476
29075,0.09820831,0.66668195
29076,0.8271515,0.86384696
29077,0.029125975,0.7633231
29078,0.12319521,0.41987613
29079,0.33254987,0.65037477
29080,0.0189747,0.1229341
29081,0.049301405,0.7214675
29082,0.013286497,0.0112186605
29083,0.019844158,0.07798329
29084,0.47381508,0.8060891
29085,0.15691198,0.9274231
29086,0.93293065,0.945007
29087,0.16123573,0.265699
29088,0.124643154,0.45733178
29089,0.0031014923,0.013805515
29090,0.07028486,0.6862369
29091,0.50866526,0.9057675
29092,0.29064327,0.5273991
29093,0.78455824,0.85088474
29094,0.0082442695,0.010376203
29095,0.058174975,0.71709615
29096,0.70538867,0.91575474
29097,0.03322605,0.038392715
29098,0.7253,0.8702492
29099,0.78936565,0.8284473
29100,0.68288153,0.7340922
29101,0.15025395,0.50775504
29102,0.44717082,0.894807
29103,0.46736452,0.775979
29104,0.02853505,0.69816923
29105,0.8001384,0.86547214
29106,0.079495475,0.78474206
29107,0.19521718,0.31842726
29108,0.81855667,0.91941315
29109,0.15707009,0.9220882
29110,0.041467834,0.26693776
29111,0.7617989,0.94099665
29112,0.8234308,0.84966856
29113,0.0021492254,0.043310978
29114,0.15875112,0.16195284
29115,0.027892478,0.12905174
29116,0.08167749,0.38916272
29117,0.11902749,0.27112636
29118,0.28939366,0.90554595
29119,0.9733343,0.99647707
29120,0.10220784,0.14465575
29121,0.020089353,0.043729976
29122,0.124358386,0.9303235
29123,0.012753008,0.066613704
29124,0.13505098,0.15353689
29125,0.024346454,0.36430198
29126,0.078702904,0.31935304
29127,0.1723244,0.6733373
29128,0.15444972,0.78942204
29129,0.007949474,0.051288005
29130,0.06754184,0.73523617
29131,0.0022080557,0.019585121
29132,0.31789026,0.45019636
29133,0.06787197,0.55172944
29134,0.02281649,0.23785238
29135,0.15978383,0.89675903
29136,0.086886995,0.042149127
29137,0.084785454,0.5320965
29138,0.04968443,0.08881533
29139,0.038160644,0.10568036
29140,0.35808536,0.20635647
29141,0.27646518,0.11664987
29142,0.7898449,0.8159918
29143,0.073887296,0.3379616
29144,0.9332204,0.97122544
29145,0.7857265,0.7885107
29146,0.13706307,0.20616356
29147,0.09312421,0.7104809
29148,0.29072547,0.88036054
29149,0.04823338,0.83238244
29150,0.0076589207,0.16531111
29151,0.53047514,0.33743292
29152,0.19104272,0.7343711
29153,0.11643049,0.12104252
29154,0.0063068685,0.026898174
29155,0.15356874,0.7993781
29156,0.060570687,0.2788149
29157,0.019691803,0.080232635
29158,0.03316339,0.9059232
29159,0.32134882,0.6586981
29160,0.024548298,0.044766147
29161,0.6557795,0.47604123
29162,0.08041916,0.2422781
29163,0.0048680687,0.027820688
29164,0.05899908,0.12521479
29165,0.89139444,0.95584214
29166,0.073632106,0.26501918
29167,0.1002892,0.02274028
29168,0.33288983,0.50269204
29169,0.42857367,0.7859353
29170,0.0067647025,0.41144156
29171,0.2866729,0.7407766
29172,0.024092667,0.4203398
29173,0.0032112966,0.39624965
29174,0.49762252,0.067186244
29175,0.59706956,0.8271803
29176,0.66928935,0.6614019
29177,0.15909605,0.3090665
29178,0.17804728,0.15406607
29179,0.036136836,0.46148813
29180,0.033109754,0.59847283
29181,0.1398612,0.30141336
29182,0.008391144,0.02081137
29183,0.36913332,0.54364187
29184,0.018392734,0.03096391
29185,0.81716555,0.6102766
29186,0.15797468,0.6917343
29187,0.10795567,0.36579084
29188,0.013008994,0.17184411
29189,0.008354597,0.039352138
29190,0.06196423,0.4340742
29191,0.02309766,0.28954405
29192,0.021824189,0.1963542
29193,0.021639645,0.08069421
29194,0.053054515,0.12291681
29195,0.23882294,0.98856914
29196,0.01761829,0.08658605
29197,0.006272821,0.01504494
29198,0.3179458,0.04375325
29199,0.025585838,0.18983082
29200,0.65136504,0.43720406
29201,0.02883813,0.07851814
29202,0.70091945,0.19992733
29203,0.011827674,0.88076854
29204,0.014813566,0.9139322
29205,0.050449315,0.9705048
29206,0.1255951,0.95828867
29207,0.09688862,0.5608133
29208,0.10846406,0.9702701
29209,0.03245068,0.03460992
29210,0.09153081,0.031047627
29211,0.34757137,0.179658
29212,0.005150978,0.02904457
29213,0.053794596,0.042261183
29214,0.08620946,0.7480639
29215,0.0672532,0.23531352
29216,0.8587036,0.86621296
29217,0.34642094,0.086806506
29218,0.23836614,0.68950534
29219,0.017107321,0.03555209
29220,0.0134642655,0.82503617
29221,0.52315617,0.94706017
29222,0.017839804,0.037456475
29223,0.04386619,0.03259031
29224,0.803827,0.0906319
29225,0.0036756038,0.89477247
29226,0.020894095,0.09351053
29227,0.22899772,0.74891466
29228,0.8143382,0.7863778
29229,0.040048663,0.24968259
29230,0.4487967,0.3771081
29231,0.008800446,0.109976076
29232,0.30030346,0.1122146
29233,0.017387286,0.26274753
29234,0.002239441,0.011868467
29235,0.58936197,0.45599627
29236,0.6621988,0.6574624
29237,0.025498528,0.19284572
29238,0.55531794,0.82021475
29239,0.035631306,0.03914446
29240,0.09470122,0.40105534
29241,0.0088156825,0.0906449
29242,0.044579048,0.829927
29243,0.021754427,0.8271202
29244,0.9282851,0.96411693
29245,0.13369687,0.29744792
29246,0.005433536,0.9468484
29247,0.020454023,0.7222939
29248,0.015742207,0.044551164
29249,0.84777594,0.9472151
29250,0.21141532,0.7434685
29251,0.04058444,0.5970441
29252,0.88700336,0.8915112
29253,0.013586253,0.0777448
29254,0.71368396,0.70960265
29255,0.018223416,0.09431689
29256,0.16501093,0.3901341
29257,0.033032324,0.3510399
29258,0.0039269435,0.08456377
29259,0.019180067,0.13332736
29260,0.892682,0.75830895
29261,0.005271766,0.88398254
29262,0.101273686,0.12820013
29263,0.027591148,0.06393194
29264,0.8596284,0.9210812
29265,0.0043403744,0.062318347
29266,0.036012247,0.030892843
29267,0.6875127,0.8509833
29268,0.29391718,0.03226831
29269,0.041087884,0.6178489
29270,0.06131804,0.2975073
29271,0.3957278,0.77013206
29272,0.19575903,0.1925339
29273,0.0069118524,0.017370373
29274,0.03246435,0.9886851
29275,0.2756766,0.3751488
29276,0.012109589,0.10919693
29277,0.48308283,0.37253192
29278,0.0072366507,0.049272694
29279,0.03185326,0.37225735
29280,0.10105879,0.92129993
29281,0.026146062,0.49498093
29282,0.02610977,0.45390582
29283,0.060048115,0.8118224
29284,0.03430224,0.08280504
29285,0.013701425,0.636558
29286,0.25607878,0.16375537
29287,0.05517341,0.116832435
29288,0.27647254,0.9357559
29289,0.8411827,0.9689941
29290,0.015648099,0.025759058
29291,0.06581583,0.47981864
29292,0.8564344,0.82296246
29293,0.0056748725,0.43489385
29294,0.12885992,0.5606883
29295,0.74257624,0.8435585
29296,0.12258348,0.83527654
29297,0.30990893,0.88937837
29298,0.12807053,0.81770855
29299,0.6486195,0.87777233
29300,0.006893218,0.111772865
29301,0.00185674,0.07040588
29302,0.32540724,0.8762398
29303,0.44528583,0.5955239
29304,0.23022705,0.7049855
29305,0.07813293,0.09928139
29306,0.040580403,0.30226797
29307,0.081612706,0.76645833
29308,0.079946816,0.5379885
29309,0.094539866,0.7087506
29310,0.15550852,0.9763316
29311,0.013557946,0.4710891
29312,0.008612934,0.03452272
29313,0.862708,0.8425717
29314,0.0147505235,0.020887068
29315,0.011562792,0.09515487
29316,0.10835301,0.27785656
29317,0.08839938,0.63607186
29318,0.52081877,0.79438627
29319,0.035327606,0.7709853
29320,0.14609592,0.56451863
29321,0.20291248,0.418839
29322,0.007954074,0.08379424
29323,0.020881763,0.05800936
29324,0.66525424,0.778886
29325,0.9562553,0.9664383
29326,0.1397454,0.41548932
29327,0.030927833,0.55005246
29328,0.860137,0.8259437
29329,0.07279354,0.4696158
29330,0.015100219,0.36444038
29331,0.02070484,0.48083004
29332,0.019303573,0.023534149
29333,0.008255256,0.100598685
29334,0.12856406,0.05445828
29335,0.0039728507,0.06414073
29336,0.028958349,0.067174025
29337,0.029601555,0.09017729
29338,0.0700331,0.27455866
29339,0.06036802,0.24112944
29340,0.0113689145,0.80667454
29341,0.106627665,0.24567758
29342,0.23075086,0.9454683
29343,0.5882475,0.51926243
29344,0.022479812,0.010814097
29345,0.1989049,0.70812124
29346,0.004501133,0.008311088
29347,0.51438797,0.4036432
29348,0.7986152,0.8950833
29349,0.011596668,0.27684516
29350,0.06951994,0.4372366
29351,0.011876538,0.015913155
29352,0.05004822,0.33058825
29353,0.037011683,0.09725936
29354,0.18436168,0.10576387
29355,0.008716203,0.03109798
29356,0.003064607,0.034776658
29357,0.62191767,0.9799066
29358,0.52746606,0.64847434
29359,0.005101921,0.16730857
29360,0.009085535,0.019929426
29361,0.028295405,0.03035853
29362,0.019688062,0.8297235
29363,0.22188424,0.15653674
29364,0.26166853,0.66096425
29365,0.4362178,0.4318879
29366,0.280819,0.099993065
29367,0.004206416,0.07627287
29368,0.4537152,0.27254313
29369,0.115851335,0.7845252
29370,0.5918238,0.57749784
29371,0.8051633,0.89250433
29372,0.064246126,0.8647761
29373,0.22972752,0.27164584
29374,0.24969573,0.32745394
29375,0.33705643,0.6903212
29376,0.23804843,0.6595912
29377,0.15118422,0.13005868
29378,0.41569424,0.13429806
29379,0.7370971,0.71181273
29380,0.05349895,0.79226375
29381,0.74045974,0.88564986
29382,0.5601815,0.05102483
29383,0.8673399,0.9786492
29384,0.8000008,0.8612545
29385,0.5297275,0.88012475
29386,0.4165137,0.67849225
29387,0.015893657,0.5327441
29388,0.079861954,0.6403775
29389,0.0008129978,0.007361992
29390,0.019072048,0.93682045
29391,0.09657786,0.5522572
29392,0.8754805,0.9804026
29393,0.95681906,0.9977825
29394,0.0030814137,0.881452
29395,0.020478683,0.20403598
29396,0.121088944,0.29255262
29397,0.6022365,0.38614896
29398,0.13576147,0.9774878
29399,0.021934157,0.14159517
29400,0.032393027,0.08680102
29401,0.5981858,0.8521627
29402,0.41149634,0.89675313
29403,0.04141018,0.16805647
29404,0.19038086,0.9195599
29405,0.026151925,0.14652546
29406,0.12429077,0.5043866
29407,0.91870457,0.9254153
29408,0.014416876,0.7605515
29409,0.6920692,0.9652716
29410,0.019343097,0.08708523
29411,0.810287,0.9352327
29412,0.040610433,0.7690941
29413,0.010428633,0.03910878
29414,0.06831122,0.80263186
29415,0.9763055,0.94164395
29416,0.12385921,0.673704
29417,0.0016207866,0.7809576
29418,0.67423767,0.8541394
29419,0.9354151,0.9877022
29420,0.011509,0.12715597
29421,0.79364276,0.3651358
29422,0.019557023,0.3770654
29423,0.16046396,0.7322563
29424,0.7594199,0.35348114
29425,0.106176846,0.61955804
29426,0.95537055,0.95534027
29427,0.71917146,0.97196907
29428,0.03887404,0.061454177
29429,0.0915794,0.93148804
29430,0.008397414,0.83997446
29431,0.1372397,0.6930841
29432,0.07801495,0.9411599
29433,0.28063503,0.710763
29434,0.11107952,0.12666446
29435,0.0513246,0.84139156
29436,0.05167778,0.09451734
29437,0.8421855,0.9490088
29438,0.027080493,0.61508864
29439,0.044737823,0.057959404
29440,0.03415721,0.95800555
29441,0.14327686,0.89998806
29442,0.9867307,0.9701497
29443,0.035241462,0.15062171
29444,0.8258185,0.986022
29445,0.082637176,0.86091846
29446,0.016052712,0.07053757
29447,0.020120038,0.60578114
29448,0.035982534,0.04480018
29449,0.04149382,0.37283686
29450,0.011706391,0.99046224
29451,0.096397184,0.14946271
29452,0.021952875,0.6364218
29453,0.017767228,0.9719982
29454,0.09332361,0.094005555
29455,0.25980234,0.5522471
29456,0.32174972,0.45827788
29457,0.110951796,0.32681462
29458,0.009501375,0.10499651
29459,0.1789371,0.84217703
29460,0.508414,0.8873387
29461,0.05769313,0.08848207
29462,0.0033436615,0.046237543
29463,0.6192074,0.75374734
29464,0.43963793,0.65878266
29465,0.00717009,0.34801325
29466,0.03298768,0.88290614
29467,0.040377807,0.22760707
29468,0.043480705,0.35908747
29469,0.08242132,0.69192004
29470,0.046430126,0.22537328
29471,0.6254789,0.8423833
29472,0.0019756283,0.09611545
29473,0.09645425,0.15862773
29474,0.15221569,0.63154495
29475,0.31025803,0.8833475
29476,0.023751728,0.75833476
29477,0.026743958,0.11232697
29478,0.013044748,0.04345503
29479,0.04591896,0.6736186
29480,0.068245225,0.7711936
29481,0.021464055,0.8338837
29482,0.28092372,0.6330918
29483,0.068509184,0.7017984
29484,0.06358949,0.03539612
29485,0.6943773,0.96313196
29486,0.9087529,0.884351
29487,0.021119252,0.6402215
29488,0.6713181,0.40307572
29489,0.00092988054,0.02495599
29490,0.030466741,0.9739508
29491,0.23719172,0.26315197
29492,0.52110934,0.7311677
29493,0.006429839,0.024347968
29494,0.022949556,0.738897
29495,0.049790658,0.80515754
29496,0.16199376,0.023837198
29497,0.0003144341,0.009364804
29498,0.9539619,0.8649247
29499,0.12807076,0.12003759
29500,0.019291705,0.62003696
29501,0.0026768325,0.009597796
29502,0.21050096,0.6706477
29503,0.25343776,0.43104345
29504,0.64484376,0.31427273
29505,0.062716596,0.30768123
29506,0.025667062,0.07216656
29507,0.033535194,0.84856725
29508,0.084745966,0.5814718
29509,0.020676194,0.54880416
29510,0.043209527,0.76655966
29511,0.08632667,0.27760118
29512,0.043785427,0.09793807
29513,0.15955298,0.1447258
29514,0.28394,0.20603682
29515,0.027167967,0.28499588
29516,0.030290617,0.8313993
29517,0.009706904,0.22074106
29518,0.0043382794,0.1788346
29519,0.020636976,0.027693084
29520,0.013611658,0.048807457
29521,0.041838747,0.57965505
29522,0.07197487,0.3104325
29523,0.09300409,0.24402606
29524,0.0311999,0.14246385
29525,0.08896448,0.022616679
29526,0.009190446,0.36512735
29527,0.008457203,0.13328573
29528,0.80804473,0.52510625
29529,0.604321,0.9047792
29530,0.056102745,0.14514123
29531,0.020415505,0.3993696
29532,0.0029345246,0.042775124
29533,0.0008910032,0.053374507
29534,0.003582925,0.08510608
29535,0.01877261,0.063718945
29536,0.054334316,0.569025
29537,0.7882878,0.95331115
29538,0.08432307,0.067023866
29539,0.012407771,0.10166245
29540,0.03500297,0.3913382
29541,0.076145306,0.79596084
29542,0.03231405,0.06043794
29543,0.028579207,0.06084429
29544,0.81990415,0.6604544
29545,0.50539714,0.5094449
29546,0.61566556,0.72109854
29547,0.01972171,0.42033723
29548,0.019677788,0.10624669
29549,0.038170096,0.6299792
29550,0.00930548,0.040359277
29551,0.013722429,0.30233768
29552,0.06884119,0.92530715
29553,0.73916006,0.76444775
29554,0.06760845,0.36306632
29555,0.19164453,0.8040412
29556,0.9641689,0.892383
29557,0.38454315,0.48469183
29558,0.13727431,0.96672106
29559,0.105629064,0.27990758
29560,0.4399857,0.42272827
29561,0.0010547854,0.007450326
29562,0.82249445,0.19844505
29563,0.115946375,0.3179341
29564,0.6861778,0.9077615
29565,0.00661205,0.51933366
29566,0.379524,0.14337288
29567,0.03782501,0.74733293
29568,0.07302512,0.983448
29569,0.038978163,0.61989915
29570,0.019995045,0.06163068
29571,0.41765562,0.82305354
29572,0.7491353,0.8524457
29573,0.32321784,0.6136923
29574,0.71138626,0.3892434
29575,0.02072314,0.049168482
29576,0.16217718,0.27632985
29577,0.9667295,0.97418934
29578,0.03668792,0.25549552
29579,0.025526369,0.107965976
29580,0.013303304,0.035570823
29581,0.8804831,0.9631914
29582,0.96693444,0.97905433
29583,0.93219364,0.96200424
29584,0.0060539003,0.4413438
29585,0.0028408908,0.070736386
29586,0.70514244,0.82732755
29587,0.27712905,0.81064177
29588,0.016848706,0.14906308
29589,0.10864232,0.9770776
29590,0.05315695,0.8545128
29591,0.14205317,0.5033069
29592,0.47032997,0.7643849
29593,0.045890443,0.6478875
29594,0.017713461,0.8286342
29595,0.45689273,0.9179542
29596,0.047803316,0.10870548
29597,0.03226145,0.7111286
29598,0.0026171445,0.11876928
29599,0.034948964,0.47502485
29600,0.013112642,0.25303984
29601,0.96610284,0.99192667
29602,0.36440656,0.93425775
29603,0.14552663,0.3711125
29604,0.039917637,0.027272105
29605,0.27023914,0.046082657
29606,0.06757037,0.24541435
29607,0.004502708,0.11895079
29608,0.23854092,0.5325983
29609,0.09044962,0.18591219
29610,0.045194816,0.025148477
29611,0.008785522,0.23255566
29612,0.06170943,0.056449957
29613,0.470007,0.64059585
29614,0.007624287,0.05526915
29615,0.87784255,0.85329515
29616,0.03094077,0.68962365
29617,0.82443905,0.90906674
29618,0.005080514,0.30600438
29619,0.20185508,0.5624025
29620,0.28800344,0.8594009
29621,0.22126135,0.6539861
29622,0.0077338624,0.07987747
29623,0.6712296,0.97516704
29624,0.005629459,0.18996802
29625,0.14247756,0.33872923
29626,0.0015293079,0.14226903
29627,0.038748503,0.6235626
29628,0.20313029,0.6871454
29629,0.13818297,0.99483705
29630,0.009031185,0.23286527
29631,0.26987705,0.092832156
29632,0.13915981,0.9427456
29633,0.005638178,0.21340172
29634,0.9486707,0.93431085
29635,0.0070366235,0.061990485
29636,0.002730328,0.08096124
29637,0.08170763,0.9532881
29638,0.18220878,0.8667758
29639,0.09658434,0.73078907
29640,0.031104883,0.039500136
29641,0.043741632,0.81359977
29642,0.46670416,0.9250398
29643,0.07525589,0.15042284
29644,0.103004135,0.6440453
29645,0.57307214,0.95255935
29646,0.22161084,0.15432516
29647,0.817761,0.9935875
29648,0.17085567,0.936905
29649,0.05908449,0.35368195
29650,0.40223762,0.92816013
29651,0.34392953,0.76661
29652,0.41525742,0.05681232
29653,0.039728627,0.731918
29654,0.011880137,0.2657081
29655,0.036984373,0.6500295
29656,0.06549221,0.11525256
29657,0.08789217,0.79468656
29658,0.108470954,0.31783134
29659,0.0011000098,0.041686967
29660,0.03050968,0.040143415
29661,0.03920758,0.110312425
29662,0.7900444,0.9692835
29663,0.82447976,0.8211974
29664,0.047710195,0.057461232
29665,0.45669785,0.13958158
29666,0.010741875,0.023194866
29667,0.17758156,0.89497423
29668,0.34002706,0.5732928
29669,0.06948984,0.23333396
29670,0.02750056,0.052341484
29671,0.01383141,0.02769296
29672,0.020564547,0.01705179
29673,0.28874326,0.6264184
29674,0.018459039,0.19889252
29675,0.22355929,0.8538002
29676,0.07542575,0.42055497
29677,0.2442372,0.94849217
29678,0.094827905,0.20454165
29679,0.0118166385,0.021970242
29680,0.7508681,0.8060087
29681,0.0030599195,0.9498618
29682,0.14572778,0.33486873
29683,0.34336892,0.48152298
29684,0.42128828,0.6671938
29685,0.83337677,0.5354764
29686,0.19397378,0.7051608
29687,0.6282505,0.47959748
29688,0.49883056,0.8749429
29689,0.0057970113,0.06155177
29690,0.31951535,0.38741302
29691,0.61788243,0.8353701
29692,0.094066724,0.9419161
29693,0.2731604,0.83523285
29694,0.010221459,0.0421991
29695,0.37315747,0.2867127
29696,0.014738568,0.8465484
29697,0.040427953,0.03409789
29698,0.07884611,0.20547204
29699,0.12857674,0.60827595
29700,0.10681199,0.40831047
29701,0.041940533,0.059498385
29702,0.032504972,0.08412649
29703,0.34779453,0.9577771
29704,0.025096664,0.15056932
29705,0.22309515,0.88249755
29706,0.043298382,0.16334264
29707,0.03709931,0.2205504
29708,0.60773605,0.9404576
29709,0.09193228,0.18438087
29710,0.03894366,0.33907628
29711,0.022425698,0.09987141
29712,0.0762653,0.43204
29713,0.23894128,0.7184959
29714,0.05413,0.27568743
29715,0.05522799,0.9709188
29716,0.10968289,0.5893733
29717,0.17728138,0.08423431
29718,0.012908444,0.03250423
29719,0.43605265,0.9377996
29720,0.937574,0.9718124
29721,0.05606115,0.18423304
29722,0.35478634,0.3910703
29723,0.0029443954,0.11484428
29724,0.15348996,0.7148402
29725,0.047963407,0.68834466
29726,0.00973313,0.8008138
29727,0.72226995,0.922064
29728,0.038623653,0.79403806
29729,0.010889552,0.053244304
29730,0.052298877,0.050664376
29731,0.063296475,0.052486304
29732,0.10343352,0.19103654
29733,0.5672159,0.8908415
29734,0.015276542,0.8383174
29735,0.081209905,0.38505387
29736,0.23546065,0.92957276
29737,0.016826611,0.96479726
29738,0.019749504,0.6008537
29739,0.009413888,0.07693261
29740,0.24241197,0.9130615
29741,0.2937813,0.60623294
29742,0.0019366597,0.01740981
29743,0.027445314,0.09662414
29744,0.0030345197,0.06249293
29745,0.09500465,0.2070564
29746,0.106187575,0.069261186
29747,0.024532467,0.20922883
29748,0.009496606,0.056956023
29749,0.029071268,0.45594245
29750,0.021914821,0.080706686
29751,0.105366245,0.23517752
29752,0.31783426,0.78336775
29753,0.43468678,0.66320056
29754,0.03168664,0.87899923
29755,0.0071011605,0.08752514
29756,0.8475106,0.97307813
29757,0.09801283,0.81774956
29758,0.04333756,0.9399526
29759,0.09030001,0.2747839
29760,0.011294899,0.07429472
29761,0.31040448,0.55642146
29762,0.05383038,0.05392035
29763,0.1457867,0.4460148
29764,0.8982938,0.79855883
29765,0.014127972,0.04356539
29766,0.02172369,0.53241116
29767,0.16658196,0.41953465
29768,0.35838637,0.3459826
29769,0.8714449,0.9320747
29770,0.32734492,0.19675864
29771,0.8810756,0.95207566
29772,0.0761054,0.9744411
29773,0.050087232,0.9079694
29774,0.02860211,0.8328532
29775,0.42643294,0.9433995
29776,0.18297274,0.1726389
29777,0.28954807,0.25499493
29778,0.7217103,0.84244436
29779,0.018927947,0.11951322
29780,0.3574876,0.86142904
29781,0.46103767,0.43616456
29782,0.46044904,0.6132376
29783,0.20495644,0.83931875
29784,0.0017972138,0.011141397
29785,0.3740362,0.9837414
29786,0.19796187,0.44992498
29787,0.009275894,0.8748863
29788,0.97296596,0.9821546
29789,0.35621348,0.9390339
29790,0.041288935,0.09505825
29791,0.11930243,0.44108796
29792,0.9274399,0.6530694
29793,0.016022326,0.11122721
29794,0.09570859,0.30587345
29795,0.12180487,0.06872722
29796,0.010775186,0.0886516
29797,0.2677214,0.46434942
29798,0.100317225,0.747688
29799,0.025969047,0.036201328
29800,0.028887836,0.42822897
29801,0.9889925,0.9260916
29802,0.10060108,0.7344777
29803,0.044204824,0.16972497
29804,0.579844,0.69869494
29805,0.12892632,0.29278392
29806,0.0064559644,0.24781354
29807,0.9674503,0.8724192
29808,0.021170305,0.17820573
29809,0.009158132,0.014215843
29810,0.050107174,0.028783973
29811,0.0037500015,0.4450445
29812,0.2586981,0.13184981
29813,0.03032165,0.21686366
29814,0.07266532,0.89070433
29815,0.04628003,0.89153934
29816,0.033447653,0.20155783
29817,0.027577532,0.15207776
29818,0.48137277,0.7560949
29819,0.47266677,0.9007068
29820,0.010995998,0.4578643
29821,0.046905164,0.25923234
29822,0.08073048,0.28675476
29823,0.48607507,0.74115676
29824,0.056734394,0.13757865
29825,0.053182315,0.9198825
29826,0.010613048,0.3521481
29827,0.036509365,0.73374146
29828,0.39565322,0.83066505
29829,0.10315017,0.107486315
29830,0.22876567,0.80967385
29831,0.09925116,0.7633452
29832,0.8832946,0.92524314
29833,0.7997933,0.7685424
29834,0.14086576,0.028306557
29835,0.57879454,0.85962427
29836,0.031644005,0.6138739
29837,0.0030896128,0.056183614
29838,0.12938099,0.68201625
29839,0.025100918,0.3462929
29840,0.0927322,0.81925184
29841,0.46855283,0.38565958
29842,0.6116906,0.6663559
29843,0.12786365,0.5377579
29844,0.009211594,0.029853193
29845,0.505451,0.18700479
29846,0.0010652076,0.023607442
29847,0.012622014,0.036042195
29848,0.012460404,0.07371326
29849,0.041425146,0.5571551
29850,0.9840561,0.9769159
29851,0.086522594,0.15644982
29852,0.027031397,0.8048134
29853,0.019246083,0.051583692
29854,0.112895414,0.8787837
29855,0.18721567,0.70429134
29856,0.8034902,0.6663068
29857,0.14045136,0.45508412
29858,0.644786,0.2798728
29859,0.9559583,0.7751941
29860,0.047710747,0.6955323
29861,0.1585212,0.8830133
29862,0.04209879,0.7712435
29863,0.02816727,0.8200061
29864,0.8823629,0.9616366
29865,0.001094752,0.02171173
29866,0.0230334,0.53057635
29867,0.12597196,0.726595
29868,0.10305473,0.99466926
29869,0.98038703,0.98734236
29870,0.0882022,0.16749
29871,0.12988839,0.9076602
29872,0.039567728,0.2847527
29873,0.01014877,0.038204864
29874,0.05745049,0.9461956
29875,0.7066192,0.96811813
29876,0.00091883726,0.024153374
29877,0.0721757,0.75447655
29878,0.68268925,0.8539414
29879,0.46034393,0.6870243
29880,0.013790883,0.8490358
29881,0.5904413,0.75742847
29882,0.4122008,0.51293063
29883,0.31169975,0.6133523
29884,0.14054029,0.17356025
29885,0.13943714,0.92093456
29886,0.25145504,0.29666007
29887,0.90179056,0.3545123
29888,0.003802236,0.37978157
29889,0.023227844,0.13107161
29890,0.070270434,0.58545464
29891,0.056468572,0.35458615
29892,0.15171455,0.97311723
29893,0.107663594,0.8189559
29894,0.06413097,0.6468427
29895,0.013057462,0.045956362
29896,0.040547576,0.012323801
29897,0.0072374046,0.06363759
29898,0.09701357,0.31292316
29899,0.021237077,0.9574926
29900,0.513343,0.59524083
29901,0.14934556,0.94908655
29902,0.18993804,0.95432454
29903,0.061978504,0.90177166
29904,0.2773092,0.65042967
29905,0.44960964,0.81402785
29906,0.5372095,0.34011823
29907,0.004142259,0.88062173
29908,0.615144,0.62195176
29909,0.010539171,0.6608954
29910,0.122637674,0.8793731
29911,0.004203661,0.08313966
29912,0.16525422,0.24215099
29913,0.21631026,0.11411296
29914,0.7673868,0.7663771
29915,0.021353487,0.23957129
29916,0.017032977,0.013783077
29917,0.02097078,0.63959473
29918,0.80292463,0.97828317
29919,0.14134192,0.40585205
29920,0.5745596,0.6441514
29921,0.083164595,0.14333005
29922,0.91842085,0.7887321
29923,0.45987928,0.31869414
29924,0.1854215,0.43289763
29925,0.097817354,0.15294132
29926,0.053366244,0.30400917
29927,0.7563638,0.7880044
29928,0.06534061,0.3283293
29929,0.0068742875,0.19642134
29930,0.089013666,0.9166934
29931,0.43102416,0.63502175
29932,0.016905488,0.83719623
29933,0.03929667,0.84823155
29934,0.16756673,0.9652797
29935,0.99350375,0.98863786
29936,0.030193992,0.24484234
29937,0.31859526,0.25141102
29938,0.3063982,0.04009232
29939,0.5670277,0.80757123
29940,0.021707362,0.052004114
29941,0.06255605,0.026175326
29942,0.54340273,0.5008597
29943,0.7104767,0.8163935
29944,0.24892735,0.34019014
29945,0.538828,0.7609524
29946,0.45620736,0.90887
29947,0.054006636,0.02814796
29948,0.0024362355,0.009689625
29949,0.45973274,0.6106856
29950,0.8738948,0.9455072
29951,0.31810325,0.5989827
29952,0.20699115,0.8947862
29953,0.028204422,0.8704687
29954,0.0023616944,0.10849259
29955,0.09393377,0.20043446
29956,0.051816233,0.0623494
29957,0.028907593,0.3984158
29958,0.30161813,0.46598437
29959,0.013572054,0.025042996
29960,0.1988206,0.0653432
29961,0.019454906,0.7329347
29962,0.8075514,0.9766436
29963,0.89376897,0.9422897
29964,0.04840377,0.32930338
29965,0.13731974,0.12331752
29966,0.013318491,0.88032126
29967,0.062594555,0.89977336
29968,0.06342096,0.8595686
29969,0.32435837,0.53919876
29970,0.092379466,0.91035193
29971,0.061401736,0.14493942
29972,0.0009699691,0.0036008032
29973,0.008492126,0.021432396
29974,0.54650754,0.23666455
29975,0.24031928,0.6163581
29976,0.19794104,0.8725683
29977,0.08008497,0.23151806
29978,0.04622786,0.357856
29979,0.021205226,0.70487875
29980,0.04183333,0.5436923
29981,0.4320559,0.7338222
29982,0.061303813,0.41047564
29983,0.17732295,0.7207861
29984,0.027005123,0.022087784
29985,0.0649748,0.78394294
29986,0.9768787,0.97556233
29987,0.00464554,0.04915581
29988,0.92468876,0.7501637
29989,0.03096689,0.10225809
29990,0.02392791,0.060120184
29991,0.0062156613,0.13717176
29992,0.017731905,0.027899908
29993,0.09123708,0.07298996
29994,0.050345097,0.13231933
29995,0.007975886,0.13176644
29996,0.0011849378,0.15132101
29997,0.8344307,0.9325008
29998,0.0020158545,0.11920597
29999,0.28735447,0.79294425
30000,0.039804935,0.07364206
30001,0.95963085,0.7512555
30002,0.026523542,0.3060534
30003,0.24243152,0.96967447
30004,0.042483974,0.878767
30005,0.214204,0.57970786
30006,0.12892252,0.9404175
30007,0.01902846,0.521268
30008,0.101334594,0.610198
30009,0.2485857,0.61802465
30010,0.01781259,0.4540102
30011,0.02292261,0.6931066
30012,0.699833,0.9077903
30013,0.004411315,0.029450662
30014,0.19428389,0.6660322
30015,0.015811786,0.49472153
30016,0.060237393,0.5784961
30017,0.19101942,0.8341501
30018,0.025977422,0.8265722
30019,0.03503369,0.52819407
30020,0.0025559452,0.013278248
30021,0.50928754,0.55375284
30022,0.056963153,0.16647346
30023,0.009416045,0.69547087
30024,0.05484838,0.7021963
30025,0.000111359084,0.016452426
30026,0.7532244,0.4311847
30027,0.031702958,0.022980828
30028,0.21677092,0.3977092
30029,0.06651696,0.09696544
30030,0.010600244,0.21532078
30031,0.10949117,0.09426731
30032,0.0124329915,0.07729245
30033,0.018733803,0.077036105
30034,0.13353896,0.5826114
30035,0.050405934,0.14426415
30036,0.017885303,0.04110301
30037,0.30525154,0.9260745
30038,0.08587921,0.49989083
30039,0.06636706,0.27832454
30040,0.0056113824,0.022761999
30041,0.10697205,0.1793096
30042,0.29319552,0.9395021
30043,0.2030114,0.27484992
30044,0.027852448,0.1610069
30045,0.03343212,0.48087788
30046,0.19669046,0.7115747
30047,0.045938488,0.49323457
30048,0.11142713,0.26384735
30049,0.054929554,0.9691824
30050,0.862697,0.9587315
30051,0.009549585,0.083826475
30052,0.29191655,0.8454153
30053,0.040021494,0.31206262
30054,0.06980338,0.4994521
30055,0.03948755,0.31516957
30056,0.03130948,0.06907993
30057,0.006927279,0.02624343
30058,0.21114422,0.7035487
30059,0.05357547,0.17709729
30060,0.05357737,0.425859
30061,0.08223507,0.94536674
30062,0.011508778,0.39162642
30063,0.02778301,0.07457909
30064,0.007496597,0.97175217
30065,0.14462908,0.3587915
30066,0.0374845,0.034464125
30067,0.0067276587,0.3751238
30068,0.29510188,0.08624925
30069,0.050175183,0.18079191
30070,0.023770006,0.16823421
30071,0.80547625,0.97042567
30072,0.05090645,0.9051703
30073,0.049761135,0.7858045
30074,0.720187,0.9593075
30075,0.04082815,0.2734218
30076,0.008262989,0.018685535
30077,0.025290055,0.5569617
30078,0.06971139,0.14454159
30079,0.004770348,0.13507791
30080,0.11749622,0.8844215
30081,0.6817674,0.99130756
30082,0.029874433,0.886684
30083,0.12072773,0.24996734
30084,0.12575313,0.4478223
30085,0.05217294,0.1466691
30086,0.035616066,0.058626108
30087,0.29853043,0.28296652
30088,0.010191703,0.12937896
30089,0.098104976,0.37205482
30090,0.005707065,0.10187185
30091,0.91930574,0.89581186
30092,0.009875266,0.0057940297
30093,0.2353604,0.7356839
30094,0.015496365,0.8931631
30095,0.12063574,0.16484722
30096,0.045195423,0.3084131
30097,0.326106,0.84615356
30098,0.12391633,0.52811366
30099,0.060161144,0.10929945
30100,0.029851226,0.16371071
30101,0.009093184,0.020808727
30102,0.07206176,0.058473896
30103,0.23987639,0.5453108
30104,0.98506224,0.7526329
30105,0.015555816,0.15509792
30106,0.26198798,0.7375573
30107,0.867102,0.9191209
30108,0.0048731235,0.09047255
30109,0.0091077825,0.05013998
30110,0.3861277,0.955958
30111,0.13147683,0.9685251
30112,0.22672024,0.044063658
30113,0.021093292,0.7263285
30114,0.1914681,0.8758349
30115,0.9017332,0.97791106
30116,0.26005644,0.44560412
30117,0.026338026,0.12849896
30118,0.050435305,0.12821372
30119,0.11178625,0.27307454
30120,0.7037646,0.9596631
30121,0.1444745,0.86597866
30122,0.00685123,0.03127435
30123,0.015480405,0.08849522
30124,0.1282326,0.54846066
30125,0.101714335,0.46369275
30126,0.0012511803,0.09930122
30127,0.52286685,0.49073935
30128,0.56526995,0.8620535
30129,0.15781443,0.793709
30130,0.042724803,0.4244373
30131,0.0061766617,0.78749233
30132,0.024954308,0.04078931
30133,0.0023997827,0.06897503
30134,0.053125665,0.92376834
30135,0.03254035,0.18843508
30136,0.053044397,0.35290468
30137,0.027140027,0.095938236
30138,0.028503701,0.19497328
30139,0.18754381,0.59822714
30140,0.03556442,0.05958439
30141,0.1102805,0.26981762
30142,0.41359,0.8605454
30143,0.003932935,0.31820527
30144,0.47446325,0.78599584
30145,0.019688185,0.5859079
30146,0.039638057,0.07227056
30147,0.17011014,0.74778855
30148,0.34967658,0.8078388
30149,0.010839687,0.12502366
30150,0.5804892,0.522286
30151,0.8932,0.98815477
30152,0.036164723,0.34520525
30153,0.08086181,0.98024976
30154,0.37099448,0.9684941
30155,0.3531322,0.9638226
30156,0.21338387,0.89844245
30157,0.5980609,0.31654483
30158,0.90192825,0.97370064
30159,0.11950698,0.14880778
30160,0.8140973,0.7889012
30161,0.037775025,0.14919879
30162,0.22637776,0.37427413
30163,0.0018535224,0.044791847
30164,0.9591379,0.9890809
30165,0.350848,0.25892738
30166,0.08027026,0.94487053
30167,0.05954494,0.12522754
30168,0.057496507,0.21727426
30169,0.0045827325,0.015854107
30170,0.20339574,0.028009696
30171,0.054153502,0.064645216
30172,0.82505524,0.8312491
30173,0.03264706,0.865911
30174,0.036106396,0.8091395
30175,0.098595515,0.28662193
30176,0.031304896,0.80209905
30177,0.33937484,0.87652075
30178,0.019924616,0.7188568
30179,0.023462739,0.0632668
30180,0.31564584,0.58245426
30181,0.08326304,0.8995603
30182,0.8813789,0.9746072
30183,0.9102221,0.8883493
30184,0.19202341,0.45225215
30185,0.029989468,0.8717444
30186,0.048039693,0.30814946
30187,0.07336513,0.2916794
30188,0.3476493,0.8929677
30189,0.005202567,0.009513001
30190,0.042555172,0.20962122
30191,0.012692198,0.46040225
30192,0.044324763,0.4728726
30193,0.5615224,0.36378047
30194,0.03428309,0.16190769
30195,0.07836084,0.5272864
30196,0.92688113,0.95863736
30197,0.7094045,0.84841824
30198,0.11450736,0.684299
30199,0.030243622,0.044110302
30200,0.33025396,0.7842355
30201,0.01851708,0.1699226
30202,0.14433873,0.3972079
30203,0.20059599,0.82785016
30204,0.3294804,0.14401774
30205,0.073460296,0.022442909
30206,0.33915874,0.17533894
30207,0.7102878,0.8746163
30208,0.08680166,0.2635947
30209,0.006772631,0.017149167
30210,0.038652662,0.88271767
30211,0.03676987,0.09989786
30212,0.03826894,0.06730633
30213,0.022220356,0.8451252
30214,0.06341668,0.5305936
30215,0.35301283,0.15573642
30216,0.4230998,0.7014966
30217,0.90158534,0.8760833
30218,0.0359882,0.13828996
30219,0.01709021,0.45360795
30220,0.024510259,0.96337724
30221,0.13453813,0.42029586
30222,0.021461783,0.05600248
30223,0.21316025,0.72547823
30224,0.07215428,0.40346515
30225,0.011503746,0.081819914
30226,0.08889743,0.802637
30227,0.17327,0.8545236
30228,0.17717214,0.10104433
30229,0.016356623,0.40944275
30230,0.11868201,0.24315183
30231,0.036174864,0.70083207
30232,0.069049835,0.5901495
30233,0.13170718,0.16336325
30234,0.2042549,0.55306214
30235,0.03220437,0.7321217
30236,0.55018765,0.9037662
30237,0.03746049,0.6918469
30238,0.17538565,0.16211131
30239,0.39974442,0.6402196
30240,0.03129877,0.98381424
30241,0.09181513,0.96738017
30242,0.33458534,0.43751454
30243,0.347317,0.57993907
30244,0.021511368,0.22946392
30245,0.07855063,0.74862117
30246,0.040390853,0.98254514
30247,0.030614728,0.31424692
30248,0.7119614,0.8775394
30249,0.8612481,0.97553366
30250,0.09016225,0.13768871
30251,0.016421637,0.91317123
30252,0.23892868,0.6784683
30253,0.08522363,0.9780151
30254,0.098603226,0.08321015
30255,0.050194945,0.09451318
30256,0.4324268,0.7861321
30257,0.023295872,0.971202
30258,0.21661209,0.12730779
30259,0.038987238,0.10475801
30260,0.1720754,0.49277955
30261,0.037919678,0.8554034
30262,0.117528856,0.80728364
30263,0.23855361,0.0745156
30264,0.020618264,0.27899444
30265,0.019386565,0.32258168
30266,0.0006801465,0.034575958
30267,0.0005632425,0.01746449
30268,0.029284526,0.18919717
30269,0.043498598,0.9612106
30270,0.121124834,0.9396859
30271,0.042071532,0.9611986
30272,0.020538492,0.1378988
30273,0.71365386,0.12750928
30274,0.54801035,0.77307004
30275,0.009504998,0.54899466
30276,0.014805141,0.15606596
30277,0.05048606,0.6530958
30278,0.002281917,0.35774806
30279,0.06448436,0.85109925
30280,0.15570123,0.60527587
30281,0.055698413,0.11267964
30282,0.021519108,0.10440079
30283,0.020531924,0.092347324
30284,0.04701724,0.41218928
30285,0.043100905,0.38034707
30286,0.003365485,0.10199324
30287,0.04664891,0.424393
30288,0.15382743,0.5364157
30289,0.17516781,0.11539632
30290,0.010314963,0.03119922
30291,0.015143731,0.041945696
30292,0.5594389,0.87980294
30293,0.13544744,0.7396463
30294,0.69386315,0.77207637
30295,0.019918691,0.15449642
30296,0.49692506,0.65607315
30297,0.007649601,0.07605207
30298,0.04205383,0.57615536
30299,0.13713646,0.18111147
30300,0.090227194,0.98236793
30301,0.1796048,0.4343032
30302,0.03740406,0.1370045
30303,0.9112255,0.91141987
30304,0.14345606,0.3816435
30305,0.0135654155,0.93255043
30306,0.014626325,0.96555024
30307,0.9243974,0.9880894
30308,0.22845097,0.5875254
30309,0.16780618,0.9172084
30310,0.34049776,0.7451414
30311,0.002925506,0.0437929
30312,0.049213096,0.8643101
30313,0.028865281,0.35926315
30314,0.0071143657,0.041314885
30315,0.014670189,0.10678343
30316,0.58599514,0.73285115
30317,0.0135844,0.60726404
30318,0.07874305,0.8620789
30319,0.017098399,0.6088991
30320,0.76166236,0.9157396
30321,0.060798462,0.10318566
30322,0.0099527985,0.16087879
30323,0.7666404,0.6414952
30324,0.05359404,0.5112554
30325,0.0013815784,0.019488368
30326,0.049072847,0.48114207
30327,0.10014093,0.9258335
30328,0.12210921,0.784899
30329,0.0020500917,0.0125795165
30330,0.018619567,0.0798755
30331,0.3473668,0.87868166
30332,0.038559943,0.19231266
30333,0.054042727,0.06318086
30334,0.09431628,0.546855
30335,0.028162537,0.81168216
30336,0.0016747189,0.07834462
30337,0.5726207,0.9612769
30338,0.08611034,0.83811074
30339,0.7819976,0.6885338
30340,0.25049904,0.2089785
30341,0.47244343,0.67861736
30342,0.64365643,0.91756934
30343,0.004569479,0.72018915
30344,0.8213102,0.97086155
30345,0.028751658,0.06599966
30346,0.10819364,0.30796227
30347,0.31179333,0.52735424
30348,0.04842687,0.1917503
30349,0.38630965,0.78684425
30350,0.49523363,0.49570784
30351,0.016495353,0.11329614
30352,0.03541891,0.31630275
30353,0.3442266,0.1230553
30354,0.106968574,0.08020379
30355,0.09351112,0.059547048
30356,0.030391647,0.060397677
30357,0.010719567,0.0802084
30358,0.77996105,0.9552764
30359,0.035586793,0.39456
30360,0.21090224,0.9524877
30361,0.025966605,0.52897924
30362,0.28144386,0.6100599
30363,0.2801737,0.3593759
30364,0.21012865,0.8349124
30365,0.03194017,0.6087908
30366,0.050699286,0.35988426
30367,0.42416286,0.688884
30368,0.013262963,0.07251406
30369,0.022011105,0.042969815
30370,0.2153826,0.9344681
30371,0.19912125,0.16969463
30372,0.36838487,0.12958364
30373,0.077849306,0.0914846
30374,0.47827277,0.513674
30375,0.13387616,0.73368245
30376,0.22330795,0.16909078
30377,0.020478265,0.19545262
30378,0.97987145,0.8309396
30379,0.8023757,0.9467047
30380,0.086784564,0.40209842
30381,0.120147444,0.019549016
30382,0.43362918,0.9108747
30383,0.30095938,0.6320778
30384,0.2072711,0.5579414
30385,0.14981759,0.13479342
30386,0.7040451,0.86404175
30387,0.7242114,0.9358411
30388,0.010099416,0.044536185
30389,0.5398332,0.55791235
30390,0.0021466794,0.2960621
30391,0.9461274,0.9364399
30392,0.034420848,0.25142196
30393,0.057241894,0.1640948
30394,0.026589101,0.23277862
30395,0.014845458,0.09913682
30396,0.104287826,0.16616006
30397,0.10283785,0.24032193
30398,0.8987727,0.91109467
30399,0.8062874,0.41608754
30400,0.21184124,0.5894895
30401,0.0026901695,0.03889518
30402,0.07200334,0.77387995
30403,0.062389776,0.24488254
30404,0.079719126,0.85964537
30405,0.03394322,0.035791844
30406,0.02697274,0.52413636
30407,0.022798063,0.08423609
30408,0.019726891,0.3997046
30409,0.72961664,0.6050676
30410,0.5648279,0.8208601
30411,0.091028504,0.8658754
30412,0.94665754,0.6363378
30413,0.010797053,0.1037258
30414,0.0055337395,0.0769898
30415,0.53419805,0.8382827
30416,0.18386531,0.16548206
30417,0.025534667,0.1862391
30418,0.0060134777,0.063310504
30419,0.014905237,0.19354364
30420,0.08366896,0.82522756
30421,0.6077014,0.1992575
30422,0.13014685,0.116486154
30423,0.03652011,0.8458226
30424,0.0071169734,0.058546964
30425,0.95511633,0.9562095
30426,0.9289359,0.944335
30427,0.73528755,0.68267846
30428,0.30517507,0.82631594
30429,0.017969448,0.87048733
30430,0.22781421,0.8594589
30431,0.0045316205,0.100393936
30432,0.33272907,0.3510437
30433,0.059449043,0.02020364
30434,0.09418272,0.4565854
30435,0.2559389,0.29312792
30436,0.02368099,0.1584818
30437,0.8212845,0.86918265
30438,0.03829392,0.18697336
30439,0.2541192,0.382744
30440,0.9351502,0.9467058
30441,0.6501027,0.6233121
30442,0.4588443,0.7109118
30443,0.02268373,0.5911957
30444,0.021534072,0.055734426
30445,0.3062799,0.8102712
30446,0.066105396,0.11270723
30447,0.03394396,0.8234401
30448,0.030629372,0.26487458
30449,0.11557684,0.3522484
30450,0.67006624,0.84778285
30451,0.052600235,0.34144843
30452,0.1808361,0.51343375
30453,0.1898712,0.20669886
30454,0.23007603,0.3447395
30455,0.48050213,0.44938323
30456,0.19150808,0.5096407
30457,0.0272762,0.031364672
30458,0.13051271,0.6920641
30459,0.03737986,0.17633933
30460,0.56230927,0.5073757
30461,0.027018564,0.6964282
30462,0.0027014758,0.08094939
30463,0.061069313,0.12156094
30464,0.76788557,0.6813397
30465,0.028626869,0.41211087
30466,0.24267605,0.2536503
30467,0.058462128,0.08897377
30468,0.03384061,0.37165433
30469,0.050543055,0.24560283
30470,0.016988957,0.034911633
30471,0.4925291,0.54474753
30472,0.028212186,0.008641723
30473,0.21451756,0.31420302
30474,0.14607039,0.40673655
30475,0.0042748805,0.030078622
30476,0.081043325,0.64735425
30477,0.010085254,0.22730953
30478,0.39103806,0.3037775
30479,0.8773678,0.9826294
30480,0.0958755,0.33663476
30481,0.06965769,0.8475081
30482,0.0771582,0.71732724
30483,0.04623883,0.22767133
30484,0.016282914,0.28355837
30485,0.024497531,0.5769358
30486,0.008665002,0.86294633
30487,0.15830411,0.8838877
30488,0.49237728,0.8317017
30489,0.09630994,0.63457507
30490,0.3733713,0.84039736
30491,0.23556317,0.45485386
30492,0.03975695,0.3120047
30493,0.077985525,0.20240119
30494,0.07199297,0.11442644
30495,0.065587744,0.31093556
30496,0.08814489,0.23448047
30497,0.07724754,0.7866255
30498,0.21583596,0.33312255
30499,0.78413266,0.9638133
30500,0.03669014,0.066053644
30501,0.25975135,0.8223893
30502,0.05524507,0.4434883
30503,0.1818026,0.11136317
30504,0.13983352,0.6378964
30505,0.46456152,0.14312701
30506,0.030533217,0.8772704
30507,0.74623066,0.39549214
30508,0.60318595,0.9528849
30509,0.08297236,0.8046941
30510,0.019913098,0.0425467
30511,0.21938224,0.28987795
30512,0.009697664,0.09368203
30513,0.07602877,0.08240175
30514,0.82281315,0.6638224
30515,0.03752267,0.27830362
30516,0.02604371,0.15407296
30517,0.02563023,0.119016625
30518,0.056848776,0.26550788
30519,0.37496135,0.9031116
30520,0.04727464,0.1275944
30521,0.0039436514,0.0072343317
30522,0.9038149,0.8994231
30523,0.74286604,0.95821303
30524,0.008812209,0.11734407
30525,0.92384565,0.95803344
30526,0.12440933,0.0979303
30527,0.2534072,0.37296823
30528,0.033823654,0.5648342
30529,0.21097532,0.82945853
30530,0.032760482,0.49971464
30531,0.105330884,0.68461514
30532,0.05690254,0.15113464
30533,0.040188372,0.23731422
30534,0.8985289,0.9656998
30535,0.075594805,0.07841717
30536,0.22419381,0.97092485
30537,0.023313988,0.7886727
30538,0.0018922024,0.030668955
30539,0.19031778,0.942738
30540,0.02013026,0.68877447
30541,0.7160533,0.96047443
30542,0.49803603,0.24293576
30543,0.9100651,0.930491
30544,0.020787241,0.042560056
30545,0.1143992,0.0569007
30546,0.16816337,0.9942198
30547,0.017364962,0.52920985
30548,0.04555077,0.9356
30549,0.24135873,0.93147
30550,0.017260725,0.14086086
30551,0.02046559,0.6670914
30552,0.16709627,0.9698371
30553,0.08502508,0.4423698
30554,0.39392325,0.25892967
30555,0.0014021811,0.004225839
30556,0.07465111,0.7612486
30557,0.01706135,0.7829466
30558,0.10260096,0.9643771
30559,0.5151094,0.71589094
30560,0.03871157,0.05232751
30561,0.273128,0.42133325
30562,0.05032317,0.11568919
30563,0.4605069,0.92195606
30564,0.04597084,0.81411225
30565,0.0023340862,0.11736991
30566,0.56483185,0.34776536
30567,0.5147849,0.8043218
30568,0.9593888,0.9737645
30569,0.03041167,0.2588699
30570,0.004383283,0.38568288
30571,0.03002427,0.96508735
30572,0.07607424,0.4523643
30573,0.099780805,0.26647362
30574,0.0010987216,0.13191296
30575,0.017276326,0.15662389
30576,0.009268355,0.107886
30577,0.23085716,0.25403166
30578,0.30359972,0.2158034
30579,0.18237574,0.53188825
30580,0.009053574,0.04891345
30581,0.22760668,0.6294651
30582,0.14949454,0.49080423
30583,0.2459524,0.20569746
30584,0.014054823,0.094220504
30585,0.09631051,0.95332587
30586,0.055506416,0.16014662
30587,0.14064872,0.8625749
30588,0.03906363,0.3689179
30589,0.11738891,0.09133983
30590,0.016335668,0.31470498
30591,0.08411651,0.4293603
30592,0.8688881,0.8718184
30593,0.016417857,0.014520691
30594,0.014880576,0.16578823
30595,0.011011442,0.013924747
30596,0.07862478,0.9359375
30597,0.100890666,0.054677527
30598,0.039085448,0.48258272
30599,0.117200576,0.034604907
30600,0.16061896,0.49336663
30601,0.044456434,0.8665609
30602,0.026505433,0.77803755
30603,0.32421547,0.49041307
30604,0.03373666,0.091011055
30605,0.056074094,0.13154465
30606,0.11489736,0.04310503
30607,0.091738306,0.6926626
30608,0.0025482944,0.044328146
30609,0.8339712,0.9546198
30610,0.021215174,0.27962875
30611,0.011782917,0.026956657
30612,0.008952603,0.030673642
30613,0.697938,0.93529195
30614,0.45823193,0.7285416
30615,0.0112037165,0.23758706
30616,0.33005562,0.23393391
30617,0.30011198,0.3685633
30618,0.27172664,0.8663849
30619,0.013769485,0.007915608
30620,0.2545026,0.9600868
30621,0.028833061,0.16158453
30622,0.0406903,0.045355596
30623,0.04107001,0.9256067
30624,0.09112205,0.8418577
30625,0.10281,0.7638674
30626,0.12964003,0.93033177
30627,0.14927098,0.2599324
30628,0.036002282,0.6647597
30629,0.018744316,0.41528794
30630,0.23087509,0.21254171
30631,0.0985499,0.75754964
30632,0.12874705,0.20551176
30633,0.4447186,0.95834744
30634,0.005148777,0.050892822
30635,0.003551132,0.04956969
30636,0.10382329,0.60252035
30637,0.11161409,0.20776063
30638,0.11761737,0.7736958
30639,0.26250634,0.5115434
30640,0.019772822,0.03962972
30641,0.19091961,0.54930025
30642,0.052696,0.12822562
30643,0.94778347,0.9848818
30644,0.006372565,0.045654796
30645,0.15689315,0.24314913
30646,0.22471207,0.414548
30647,0.67774343,0.9861979
30648,0.072855,0.75753146
30649,0.011915319,0.47787967
30650,0.0059035756,0.020955903
30651,0.09564647,0.93238384
30652,0.14613841,0.72059053
30653,0.13413912,0.3811
30654,0.07355231,0.8927086
30655,0.05012225,0.30311456
30656,0.0073350416,0.08432361
30657,0.06483996,0.18623906
30658,0.041813392,0.01720818
30659,0.061012935,0.50540006
30660,0.06660227,0.42387596
30661,0.06768197,0.80479944
30662,0.100674585,0.14482532
30663,0.12101331,0.68354505
30664,0.4144106,0.50307053
30665,0.120291725,0.28919992
30666,0.01826525,0.11579632
30667,0.15936889,0.9790221
30668,0.030139286,0.3079301
30669,0.06500322,0.06850181
30670,0.010379572,0.32900494
30671,0.014267113,0.14857112
30672,0.434033,0.9206155
30673,0.018065682,0.5880299
30674,0.053740542,0.59146035
30675,0.083708726,0.2679954
30676,0.012466496,0.08330989
30677,0.4899502,0.22028482
30678,0.97179496,0.97174037
30679,0.019167623,0.74030346
30680,0.972204,0.8973455
30681,0.16651699,0.5835338
30682,0.09085745,0.49423376
30683,0.10064963,0.36204246
30684,0.029909797,0.12885498
30685,0.1703166,0.65857893
30686,0.9046879,0.60892695
30687,0.20877455,0.11491203
30688,0.10164531,0.42519245
30689,0.45425466,0.71388555
30690,0.026614113,0.9172949
30691,0.17289124,0.46159324
30692,0.5614917,0.9507736
30693,0.00092409673,0.092080526
30694,0.278272,0.6130196
30695,0.79284185,0.70024186
30696,0.39063978,0.18675883
30697,0.06758029,0.087918244
30698,0.008287498,0.29362795
30699,0.16125226,0.2647456
30700,0.6304604,0.8500468
30701,0.3665204,0.3494545
30702,0.12908544,0.9481062
30703,0.12797979,0.9850914
30704,0.020567287,0.22059889
30705,0.029499205,0.08515449
30706,0.02485141,0.3674372
30707,0.5994753,0.6863814
30708,0.04796373,0.06019724
30709,0.82546264,0.953078
30710,0.9253042,0.9797361
30711,0.10068265,0.26392817
30712,0.016453207,0.08489224
30713,0.9295586,0.96347976
30714,0.42428833,0.87620777
30715,0.015237698,0.34181905
30716,0.014568135,0.9642129
30717,0.10174941,0.54369533
30718,0.116093256,0.6616172
30719,0.14358835,0.19465403
30720,0.14379512,0.07432988
30721,0.19931924,0.08531054
30722,0.0013583014,0.053539325
30723,0.11530304,0.91830796
30724,0.024451548,0.9268817
30725,0.14463161,0.9609854
30726,0.34597248,0.35560572
30727,0.4961001,0.93565655
30728,0.9360748,0.9718161
30729,0.04665826,0.04331252
30730,0.19781351,0.783488
30731,0.9589575,0.98794925
30732,0.30671674,0.44257304
30733,0.1432543,0.7301101
30734,0.15417983,0.8101842
30735,0.2816488,0.9396599
30736,0.7030897,0.95000213
30737,0.0804561,0.057560757
30738,0.14070782,0.12684992
30739,0.028413685,0.50831914
30740,0.116983294,0.4233327
30741,0.22788087,0.29128903
30742,0.104940094,0.08714193
30743,0.034272287,0.53626955
30744,0.3191167,0.23937102
30745,0.04065508,0.81224996
30746,0.07848046,0.60468405
30747,0.07693731,0.13343269
30748,0.047775596,0.4824894
30749,0.023908792,0.24278937
30750,0.0048742406,0.028410437
30751,0.05415505,0.16458578
30752,0.40059212,0.7315878
30753,0.14433582,0.97367674
30754,0.68979555,0.96483475
30755,0.20869946,0.30755296
30756,0.0069446135,0.53846836
30757,0.16786444,0.965208
30758,0.01449648,0.2682555
30759,0.021776138,0.9539295
30760,0.14055948,0.6723845
30761,0.9857702,0.96344846
30762,0.42611426,0.6933829
30763,0.23199056,0.28139403
30764,0.07845376,0.17446786
30765,0.8770048,0.75233614
30766,0.06365736,0.88160634
30767,0.5109596,0.5246652
30768,0.058135774,0.12455083
30769,0.07889227,0.6118486
30770,0.020773878,0.060154267
30771,0.22378755,0.93652385
30772,0.36745107,0.9857304
30773,0.061823208,0.23010604
30774,0.004157318,0.11565517
30775,0.022215014,0.18640998
30776,0.012547201,0.09660726
30777,0.07785612,0.55370367
30778,0.12817594,0.80043495
30779,0.1260778,0.6481084
30780,0.055513177,0.056377262
30781,0.00048823626,0.0046483143
30782,0.51064634,0.7622513
30783,0.039858315,0.05918744
30784,0.32336152,0.30840063
30785,0.31821918,0.8129484
30786,0.06293236,0.1279811
30787,0.046196904,0.78204405
30788,0.068299524,0.18059285
30789,0.02976187,0.46540394
30790,0.11120543,0.1119557
30791,0.0118895285,0.4482229
30792,0.39899144,0.8065405
30793,0.099979,0.32115278
30794,0.0007004317,0.007275344
30795,0.8294558,0.39750758
30796,0.6200942,0.84084857
30797,0.006932927,0.08865524
30798,0.021751996,0.13607721
30799,0.19266489,0.124468036
30800,0.053710677,0.5580703
30801,0.01849008,0.061160088
30802,0.03938466,0.5687591
30803,0.020262096,0.61744785
30804,0.07828814,0.9159733
30805,0.018371398,0.3054515
30806,0.10043206,0.32984337
30807,0.41300792,0.29671502
30808,0.14430389,0.01823652
30809,0.07196031,0.70969033
30810,0.9690795,0.4111231
30811,0.8352153,0.93323547
30812,0.18099192,0.05414643
30813,0.045293305,0.67005914
30814,0.9590932,0.9104848
30815,0.066781536,0.9206839
30816,0.010165477,0.21616785
30817,0.18776608,0.8837636
30818,0.106214434,0.9505117
30819,0.0039834124,0.8269763
30820,0.19525217,0.029733678
30821,0.055817183,0.7283964
30822,0.099800594,0.8749745
30823,0.032212455,0.16386446
30824,0.42870027,0.8185853
30825,0.15554439,0.22719991
30826,0.13427289,0.43413022
30827,0.3201063,0.21253212
30828,0.3979664,0.024995469
30829,0.009679153,0.19587578
30830,0.06541064,0.14471251
30831,0.11952166,0.5074458
30832,0.007532882,0.075693525
30833,0.19707096,0.23209347
30834,0.25959736,0.41209948
30835,0.20018767,0.86638427
30836,0.0067299944,0.050472125
30837,0.020130266,0.47006315
30838,0.08070904,0.8612773
30839,0.20000896,0.44957736
30840,0.04676248,0.6056331
30841,0.03829247,0.029725404
30842,0.015318959,0.42814037
30843,0.032073442,0.2739067
30844,0.094129525,0.14313507
30845,0.040787674,0.45847556
30846,0.19431116,0.6705679
30847,0.077094525,0.095308
30848,0.002704666,0.052784856
30849,0.0059940736,0.052966405
30850,0.048756644,0.27089897
30851,0.6500844,0.59058815
30852,0.00650713,0.08261679
30853,0.000725502,0.035536274
30854,0.1429719,0.4040434
30855,0.28632927,0.8417
30856,0.016136566,0.21168247
30857,0.032472882,0.27698854
30858,0.13818306,0.29209617
30859,0.07061236,0.22977336
30860,0.092845395,0.50007254
30861,0.99281585,0.9324084
30862,0.5866979,0.84988105
30863,0.013923071,0.49425748
30864,0.01568,0.10132221
30865,0.04014465,0.12184034
30866,0.0040651076,0.0073182634
30867,0.6510829,0.7651971
30868,0.33848056,0.702662
30869,0.09665245,0.48777294
30870,0.037631422,0.51461303
30871,0.16989702,0.35507143
30872,0.016730797,0.08257106
30873,0.540886,0.6916674
30874,0.02083825,0.0433886
30875,0.0032141095,0.12448261
30876,0.04110472,0.21742676
30877,0.08788368,0.8960581
30878,0.026406994,0.1426099
30879,0.030888082,0.1584497
30880,0.007954974,0.5361903
30881,0.35538468,0.89903
30882,0.094233,0.24480407
30883,0.046565924,0.19405031
30884,0.017247401,0.8757736
30885,0.024157317,0.3128188
30886,0.015796054,0.95834935
30887,0.0013925292,0.07472308
30888,0.018859804,0.20916347
30889,0.4096088,0.44772136
30890,0.9209989,0.70656633
30891,0.08078341,0.4437314
30892,0.0073938114,0.02105596
30893,0.22155693,0.10415165
30894,0.4585369,0.13460238
30895,0.56645155,0.9295713
30896,0.2761437,0.58827895
30897,0.05681282,0.6845591
30898,0.029430471,0.8724748
30899,0.103713475,0.9657808
30900,0.023182526,0.08854573
30901,0.2168591,0.85252905
30902,0.0007780619,0.012237084
30903,0.032404598,0.067690425
30904,0.016722303,0.33071056
30905,0.55725884,0.92466336
30906,0.062075354,0.39972332
30907,0.017960692,0.099212736
30908,0.06930821,0.46248522
30909,0.0035014697,0.6809871
30910,0.98913807,0.961853
30911,0.018771345,0.8157557
30912,0.23678859,0.8523876
30913,0.022584932,0.17023928
30914,0.0028692465,0.011431771
30915,0.73431516,0.98452073
30916,0.056279674,0.041321196
30917,0.16161194,0.59512
30918,0.15645236,0.7512596
30919,0.18039908,0.22507627
30920,0.12424537,0.04292269
30921,0.41168147,0.39056382
30922,0.30617607,0.088887736
30923,0.005533782,0.7200817
30924,0.052629203,0.050115146
30925,0.83693576,0.930857
30926,0.7635772,0.7738561
30927,0.033690713,0.19386025
30928,0.885885,0.6597301
30929,0.12839328,0.09440259
30930,0.707967,0.8853483
30931,0.044813868,0.5809914
30932,0.2572463,0.82516414
30933,0.24716093,0.428508
30934,0.12439078,0.2720057
30935,0.05810861,0.7610996
30936,0.052986536,0.28092417
30937,0.3346966,0.9131753
30938,0.027653482,0.92156136
30939,0.07613803,0.33344173
30940,0.023668196,0.88985264
30941,0.0021817498,0.02230083
30942,0.2940163,0.7807938
30943,0.015468716,0.92772436
30944,0.24056888,0.31270385
30945,0.0043710726,0.010563593
30946,0.1558326,0.69419104
30947,0.23807546,0.7902059
30948,0.3493524,0.86472845
30949,0.0622354,0.80654514
30950,0.030759078,0.9296133
30951,0.15084851,0.24846089
30952,0.025768565,0.119501315
30953,0.0079544205,0.6271789
30954,0.8147945,0.9041764
30955,0.007242504,0.90038764
30956,0.543637,0.7102223
30957,0.0013032127,0.07553082
30958,0.73092705,0.9549431
30959,0.26743317,0.72607756
30960,0.3300362,0.67581004
30961,0.50499004,0.6030505
30962,0.023952626,0.17246203
30963,0.031105341,0.9255206
30964,0.1239968,0.5166436
30965,0.008730462,0.50797963
30966,0.006482773,0.031618446
30967,0.9315255,0.84631115
30968,0.4073712,0.7603139
30969,0.22323371,0.8787484
30970,0.0132208625,0.13789603
30971,0.012888912,0.02460166
30972,0.06414364,0.34643862
30973,0.24249005,0.11930544
30974,0.08245096,0.9080277
30975,0.35452873,0.7269999
30976,0.122248285,0.5311602
30977,0.025782954,0.61280215
30978,0.0881672,0.44582397
30979,0.4454258,0.8726773
30980,0.94155043,0.9629174
30981,0.107511535,0.780126
30982,0.03421353,0.32227543
30983,0.043821096,0.98406094
30984,0.1419624,0.15503275
30985,0.4905145,0.8094878
30986,0.0857483,0.09414742
30987,0.014055828,0.189678
30988,0.042664424,0.804328
30989,0.057508666,0.84793663
30990,0.6400784,0.9647526
30991,0.0033057197,0.10303596
30992,0.2328467,0.24752566
30993,0.0023676676,0.05692595
30994,0.011661735,0.10119182
30995,0.05121321,0.13214967
30996,0.044936772,0.66340095
30997,0.2950446,0.8139555
30998,0.3286028,0.78436327
30999,0.3129381,0.88546157
31000,0.023687167,0.041464888
31001,0.8568706,0.9255469
31002,0.040728215,0.15443626
31003,0.021130595,0.09859882
31004,0.28032625,0.7593872
31005,0.0584813,0.24987721
31006,0.021691099,0.11984068
31007,0.06215677,0.6830937
31008,0.6983866,0.39146742
31009,0.029092569,0.01076668
31010,0.42910048,0.6150093
31011,0.21561845,0.8061135
31012,0.88218045,0.20926173
31013,0.049088724,0.12810333
31014,0.22691366,0.27715072
31015,0.0040832753,0.05947498
31016,0.2156996,0.47014773
31017,0.0047149356,0.1573517
31018,0.0746489,0.11049029
31019,0.01937218,0.7510677
31020,0.038354296,0.49184147
31021,0.008295802,0.063073695
31022,0.04363985,0.7484776
31023,0.03456714,0.08672244
31024,0.0068957345,0.028559472
31025,0.9194938,0.947996
31026,0.0121205235,0.05907501
31027,0.056529198,0.3680909
31028,0.013159529,0.94036543
31029,0.0057249432,0.10643541
31030,0.009809507,0.19088823
31031,0.013300776,0.60904664
31032,0.033873305,0.19766799
31033,0.017012792,0.06660937
31034,0.054789037,0.91187143
31035,0.7111374,0.83826673
31036,0.79027414,0.87073183
31037,0.06712849,0.21643181
31038,0.025405517,0.06630381
31039,0.042851776,0.917905
31040,0.29070365,0.123665124
31041,0.01763706,0.9605547
31042,0.0038119128,0.3472492
31043,0.08131511,0.44911656
31044,0.010343121,0.106368445
31045,0.11984005,0.7623349
31046,0.25940832,0.69240934
31047,0.0059265,0.02728441
31048,0.15283357,0.92603993
31049,0.07671436,0.11417552
31050,0.04915056,0.18513095
31051,0.013696697,0.2679422
31052,0.40574017,0.60193574
31053,0.08048692,0.085078724
31054,0.76500857,0.75232106
31055,0.02893275,0.20610283
31056,0.053740602,0.08407312
31057,0.93298894,0.6015564
31058,0.008909422,0.35588592
31059,0.034720983,0.5518025
31060,0.2578911,0.84854996
31061,0.005015205,0.1514164
31062,0.8107018,0.7207071
31063,0.20534006,0.90113634
31064,0.015669113,0.16487527
31065,0.02179945,0.013971586
31066,0.68784845,0.99453896
31067,0.19504207,0.17293818
31068,0.62597215,0.32464695
31069,0.9219132,0.98321784
31070,0.019095002,0.3510989
31071,0.68011403,0.5339514
31072,0.017546467,0.115751445
31073,0.17925058,0.8567659
31074,0.126472,0.81334835
31075,0.05342713,0.8623961
31076,0.8739383,0.8924273
31077,0.08664855,0.2053611
31078,0.001381787,0.034894366
31079,0.95765066,0.8242452
31080,0.84688556,0.90154153
31081,0.03796587,0.6765141
31082,0.42522463,0.74841917
31083,0.027905611,0.88717115
31084,0.026435465,0.17153277
31085,0.036702696,0.26807636
31086,0.016879497,0.09105149
31087,0.048437685,0.93053055
31088,0.35572526,0.675951
31089,0.03452921,0.1315068
31090,0.8554991,0.43180498
31091,0.072328046,0.7346223
31092,0.08997404,0.27432537
31093,0.06231337,0.032258984
31094,0.07589543,0.87706393
31095,0.0487949,0.17982392
31096,0.0076211165,0.053748377
31097,0.9765911,0.90592587
31098,0.009332064,0.028497308
31099,0.013761004,0.6008029
31100,0.06674169,0.83059037
31101,0.18982515,0.74506867
31102,0.307766,0.7729793
31103,0.35751128,0.88991994
31104,0.06940126,0.9192228
31105,0.008350904,0.52731186
31106,0.043553516,0.56839687
31107,0.11728836,0.74984497
31108,0.027779777,0.122548364
31109,0.15981208,0.034822408
31110,0.0116180135,0.074512325
31111,0.104030155,0.7138127
31112,0.004127389,0.06643849
31113,0.042888228,0.3202488
31114,0.05110754,0.8024477
31115,0.019044617,0.0952429
31116,0.016912455,0.13955201
31117,0.2605308,0.92300814
31118,0.02045721,0.80952114
31119,0.111720845,0.30113915
31120,0.024602221,0.28544766
31121,0.93252003,0.94319963
31122,0.85634303,0.8563215
31123,0.09715778,0.08844488
31124,0.0062071015,0.12792659
31125,0.083920695,0.18549824
31126,0.009933093,0.12891492
31127,0.03814745,0.06756799
31128,0.005379376,0.47527632
31129,0.009972265,0.01608249
31130,0.09778952,0.02903325
31131,0.890443,0.9104615
31132,0.08120491,0.9428951
31133,0.016217433,0.110526085
31134,0.22739838,0.3297465
31135,0.019579483,0.8300094
31136,0.25609058,0.8379584
31137,0.05051552,0.09590785
31138,0.8951416,0.57697064
31139,0.60782266,0.5766754
31140,0.019861555,0.040435083
31141,0.07612912,0.5694559
31142,0.985322,0.99241334
31143,0.5036165,0.596419
31144,0.022572173,0.8203262
31145,0.89177155,0.816835
31146,0.051944744,0.1173051
31147,0.15180053,0.5978085
31148,0.17407645,0.63812196
31149,0.02020008,0.14192466
31150,0.027286194,0.7071295
31151,0.009936869,0.06505747
31152,0.0485722,0.26426625
31153,0.02565032,0.14697835
31154,0.3714821,0.175966
31155,0.8023957,0.98130316
31156,0.031629726,0.17771469
31157,0.46055043,0.9093071
31158,0.950822,0.9863405
31159,0.0021197987,0.07553027
31160,0.019325923,0.29516265
31161,0.25289384,0.38209656
31162,0.4291901,0.83405614
31163,0.049566917,0.21538398
31164,0.15363127,0.52397394
31165,0.09683116,0.23166393
31166,0.06127089,0.18146768
31167,0.02718818,0.17660718
31168,0.25161597,0.36530578
31169,0.015015383,0.18126963
31170,0.046397794,0.09525098
31171,0.014308878,0.16495456
31172,0.85405296,0.95185906
31173,0.79967844,0.88690495
31174,0.2593208,0.18539202
31175,0.045819532,0.20620611
31176,0.8950952,0.4910145
31177,0.0023167084,0.51639897
31178,0.55896026,0.89051425
31179,0.17757717,0.8623237
31180,0.0019049222,0.2510632
31181,0.3532384,0.5645542
31182,0.010295922,0.564728
31183,0.29204664,0.5477589
31184,0.0008165665,0.004653186
31185,0.061995838,0.13863628
31186,0.08957663,0.30737516
31187,0.0037088734,0.015511445
31188,0.009707505,0.07130705
31189,0.18848586,0.38003057
31190,0.030100657,0.26533064
31191,0.27233654,0.5389518
31192,0.022623848,0.17720656
31193,0.05097668,0.32735282
31194,0.060541324,0.15937342
31195,0.614781,0.0906362
31196,0.38596752,0.8960564
31197,0.006005545,0.17742713
31198,0.011108616,0.2904796
31199,0.017338676,0.17978257
31200,0.29576236,0.54211974
31201,0.018908136,0.13392164
31202,0.33068693,0.84247863
31203,0.0013260387,0.0116941
31204,0.060860105,0.06656553
31205,0.016956115,0.97670686
31206,0.0080367075,0.028405368
31207,0.040718697,0.08046009
31208,0.94189,0.9378718
31209,0.28817314,0.6197429
31210,0.13817558,0.84955484
31211,0.0008828099,0.014211807
31212,0.052084748,0.31022573
31213,0.14596985,0.30240902
31214,0.12932979,0.19491494
31215,0.014123908,0.5489871
31216,0.0036289557,0.097836524
31217,0.040217653,0.85030943
31218,0.16594753,0.8255549
31219,0.50836587,0.7512819
31220,0.051138956,0.29889888
31221,0.18666057,0.309219
31222,0.028952792,0.80689126
31223,0.27379897,0.4568442
31224,0.024895428,0.93959695
31225,0.0106412,0.12017451
31226,0.16081557,0.93070555
31227,0.16122596,0.26014382
31228,0.26628733,0.52617335
31229,0.19446512,0.8838759
31230,0.02649162,0.20171879
31231,0.010568878,0.013169366
31232,0.0014560228,0.40957496
31233,0.95246786,0.89620924
31234,0.7489711,0.98366195
31235,0.6959211,0.756077
31236,0.45753956,0.91943836
31237,0.034127496,0.3358916
31238,0.40138248,0.9412223
31239,0.98208135,0.9639314
31240,0.28260496,0.7699744
31241,0.08082525,0.35330248
31242,0.016675616,0.09670294
31243,0.009707248,0.9141035
31244,0.61975956,0.6535515
31245,0.23459503,0.41395044
31246,0.017588325,0.22266987
31247,0.04377874,0.60088885
31248,0.5497435,0.9445317
31249,0.0057528857,0.05946342
31250,0.24014112,0.8734632
31251,0.9840702,0.9492525
31252,0.15931982,0.15409333
31253,0.1805635,0.96108365
31254,0.05566598,0.28322285
31255,0.37416303,0.4049318
31256,0.03796063,0.08997446
31257,0.18249545,0.28411087
31258,0.11417446,0.113749415
31259,0.10342907,0.9224846
31260,0.02064105,0.030733349
31261,0.14911647,0.17357227
31262,0.81059474,0.816761
31263,0.069294944,0.10253438
31264,0.008242468,0.11344397
31265,0.16379791,0.3828026
31266,0.065906174,0.110818215
31267,0.09189646,0.96785
31268,0.86802846,0.9748375
31269,0.12006086,0.23264569
31270,0.10484115,0.7315057
31271,0.15243097,0.091635294
31272,0.7147462,0.8768654
31273,0.27985695,0.40450132
31274,0.17555296,0.7120286
31275,0.06713738,0.030533014
31276,0.041488424,0.9629691
31277,0.44052303,0.12118154
31278,0.020261765,0.3266858
31279,0.03752037,0.10119778
31280,0.229904,0.9299843
31281,0.023464782,0.016993927
31282,0.4005681,0.6734316
31283,0.013177294,0.36007562
31284,0.01076174,0.13756081
31285,0.012874513,0.9877109
31286,0.7069165,0.6138008
31287,0.007390886,0.6379631
31288,0.05476989,0.12143186
31289,0.083785385,0.8775491
31290,0.0050227535,0.031318918
31291,0.020756362,0.022431787
31292,0.03249182,0.9050634
31293,0.0854614,0.5161954
31294,0.90006715,0.9303507
31295,0.047600497,0.1984071
31296,0.074640356,0.28948152
31297,0.085152015,0.94226325
31298,0.0975456,0.9518423
31299,0.16557208,0.35091242
31300,0.2476053,0.7786047
31301,0.8179535,0.6845234
31302,0.016354375,0.6243359
31303,0.04087597,0.1069455
31304,0.0123399,0.31303993
31305,0.7591028,0.9197176
31306,0.17450447,0.8427093
31307,0.005164692,0.01751037
31308,0.15903129,0.18521059
31309,0.01789716,0.8315006
31310,0.24418652,0.7041435
31311,0.36729074,0.32170588
31312,0.24983583,0.74766254
31313,0.0152531685,0.5434598
31314,0.07024411,0.299779
31315,0.2017309,0.1298843
31316,0.25461033,0.21094517
31317,0.21466005,0.069145426
31318,0.08225358,0.7074946
31319,0.11265267,0.69201887
31320,0.030221798,0.92347515
31321,0.19492096,0.11493631
31322,0.7289381,0.9071844
31323,0.727826,0.6388308
31324,0.013490868,0.3621472
31325,0.03652685,0.5451303
31326,0.9485056,0.9623277
31327,0.05363096,0.5306839
31328,0.9803792,0.99549556
31329,0.02163205,0.6284341
31330,0.00029948782,0.0034341426
31331,0.12010493,0.31564975
31332,0.6126252,0.9368366
31333,0.068108365,0.7626775
31334,0.3176989,0.35368556
31335,0.10288956,0.09473901
31336,0.018860297,0.6660043
31337,0.10290094,0.18489514
31338,0.065011814,0.43890455
31339,0.053441767,0.8459478
31340,0.07033083,0.029487733
31341,0.13334437,0.7376211
31342,0.1180179,0.22456497
31343,0.01651602,0.31782082
31344,0.69959635,0.5471465
31345,0.60568064,0.9227608
31346,0.045754448,0.49685138
31347,0.14115918,0.50133216
31348,0.68866867,0.7497436
31349,0.10060812,0.12009144
31350,0.13165319,0.9769015
31351,0.06258636,0.8664965
31352,0.003537042,0.09359027
31353,0.054278262,0.25676882
31354,0.037678797,0.8884358
31355,0.070354134,0.7891295
31356,0.14971358,0.39588058
31357,0.41413265,0.87397593
31358,0.008233208,0.118504934
31359,0.024212787,0.09110561
31360,0.0150591,0.032511916
31361,0.19702427,0.7216477
31362,0.053026278,0.35659164
31363,0.8451576,0.8530707
31364,0.27684483,0.6040928
31365,0.571302,0.57685095
31366,0.094539195,0.07832892
31367,0.07215361,0.09346364
31368,0.045280583,0.26592392
31369,0.41981566,0.8273082
31370,0.005885765,0.11379717
31371,0.06366066,0.06408116
31372,0.98382795,0.86467487
31373,0.024488572,0.5974227
31374,0.05903177,0.15835272
31375,0.047506806,0.9090533
31376,0.058899038,0.8082669
31377,0.97912097,0.978638
31378,0.08450286,0.39432433
31379,0.8891491,0.91853285
31380,0.6193687,0.7389639
31381,0.02909541,0.19225259
31382,0.13992582,0.6749787
31383,0.9827108,0.9820223
31384,0.8640169,0.89674467
31385,0.35238802,0.9450401
31386,0.3506044,0.6862194
31387,0.6410847,0.6707838
31388,0.5926658,0.10131338
31389,0.014985158,0.963715
31390,0.020527467,0.60270005
31391,0.5174731,0.9772406
31392,0.25841415,0.8586804
31393,0.063782975,0.018776536
31394,0.7329316,0.62428105
31395,0.001859771,0.024620079
31396,0.95484954,0.4258286
31397,0.034063887,0.15573639
31398,0.19802514,0.14840971
31399,0.87538886,0.9719381
31400,0.9690936,0.95934296
31401,0.08897505,0.65677124
31402,0.7825288,0.6726119
31403,0.05038917,0.05843373
31404,0.0138173355,0.035163768
31405,0.003917147,0.6382575
31406,0.060039636,0.6410727
31407,0.8035193,0.8110853
31408,0.060521897,0.10362139
31409,0.04537639,0.044539075
31410,0.2582038,0.7356982
31411,0.14546709,0.22624463
31412,0.23396614,0.72453874
31413,0.33751574,0.12778658
31414,0.13106915,0.053595383
31415,0.011614291,0.45916006
31416,0.025824253,0.46088588
31417,0.6825398,0.9669739
31418,0.008124102,0.16188149
31419,0.8651212,0.97211516
31420,0.0033548702,0.016488777
31421,0.044513337,0.18230236
31422,0.041257575,0.1216365
31423,0.91667455,0.9816096
31424,0.052084416,0.53139985
31425,0.05165649,0.12362735
31426,0.22637768,0.73595464
31427,0.039580412,0.8644964
31428,0.006753898,0.5522905
31429,0.015565552,0.56837577
31430,0.33954796,0.7695291
31431,0.057319157,0.13321054
31432,0.0074688043,0.037674
31433,0.7900719,0.98018813
31434,0.6105249,0.26080364
31435,0.024241723,0.52722114
31436,0.14326023,0.5996947
31437,0.41783643,0.8769981
31438,0.14507115,0.14111453
31439,0.7830322,0.9377849
31440,0.113717906,0.70553744
31441,0.18004234,0.76229066
31442,0.9047377,0.8860257
31443,0.0018316915,0.02995334
31444,0.025811829,0.16607314
31445,0.036627587,0.105990544
31446,0.51998186,0.8807204
31447,0.2896916,0.5178056
31448,0.9589314,0.99529004
31449,0.029633988,0.020038249
31450,0.06697589,0.97282505
31451,0.6107912,0.82765496
31452,0.1283638,0.07547192
31453,0.05954761,0.098727435
31454,0.880593,0.9189256
31455,0.06821876,0.9523304
31456,0.16208276,0.5266645
31457,0.39120248,0.21966211
31458,0.431361,0.7248929
31459,0.047659673,0.09302756
31460,0.045636714,0.08619278
31461,0.016834792,0.28893292
31462,0.029066201,0.91931576
31463,0.020261712,0.7217148
31464,0.06541674,0.4583021
31465,0.91016454,0.93787056
31466,0.021279247,0.0700189
31467,0.5357137,0.97892064
31468,0.05262914,0.59378785
31469,0.49220267,0.47214788
31470,0.04693685,0.8913321
31471,0.038026474,0.76653486
31472,0.6547806,0.8740144
31473,0.80659884,0.8758785
31474,0.73757464,0.865481
31475,0.5595436,0.85467345
31476,0.017143993,0.06800528
31477,0.024070406,0.24897301
31478,0.002787213,0.1616727
31479,0.4973239,0.9479114
31480,0.017835595,0.082347654
31481,0.35755956,0.67450964
31482,0.19936633,0.9261367
31483,0.06382253,0.06866956
31484,0.0028453222,0.0065498985
31485,0.0010943578,0.007972894
31486,0.10154156,0.76948965
31487,0.83316725,0.9802374
31488,0.12076788,0.12862554
31489,0.9021325,0.88617605
31490,0.97736186,0.9035753
31491,0.11397739,0.83569425
31492,0.22388463,0.22715534
31493,0.0022840588,0.06554538
31494,0.035051532,0.15074912
31495,0.016128013,0.54258555
31496,0.1904137,0.4444762
31497,0.02282988,0.05960449
31498,0.07127057,0.32143125
31499,0.1207261,0.3581267
31500,0.94018656,0.9984717
31501,0.03122436,0.57118595
31502,0.008482154,0.309355
31503,0.11377425,0.09939812
31504,0.5501319,0.76998955
31505,0.86358905,0.9494376
31506,0.38016784,0.3214013
31507,0.24772969,0.8264984
31508,0.38417348,0.74126226
31509,0.06523462,0.95094496
31510,0.16125694,0.7599058
31511,0.06754163,0.23466131
31512,0.18335374,0.202015
31513,0.4428586,0.36556602
31514,0.8851806,0.94109535
31515,0.053239882,0.42265496
31516,0.009188457,0.07835912
31517,0.119743034,0.5490814
31518,0.050465457,0.77769107
31519,0.016461149,0.6909273
31520,0.037034668,0.63324505
31521,0.054733746,0.94378316
31522,0.97997457,0.931175
31523,0.19668083,0.4421626
31524,0.0057673184,0.023390528
31525,0.6766453,0.8965522
31526,0.3679301,0.93786556
31527,0.06351701,0.27469727
31528,0.013674928,0.18501012
31529,0.23520313,0.4269355
31530,0.047816936,0.10238965
31531,0.29803145,0.4106892
31532,0.005865413,0.1713476
31533,0.96350455,0.9704936
31534,0.12753208,0.2130087
31535,0.47298262,0.7729477
31536,0.063359566,0.9793919
31537,0.008987289,0.1043535
31538,0.01132093,0.115444
31539,0.76294863,0.6917844
31540,0.020113036,0.6610682
31541,0.012327285,0.34461728
31542,0.116008855,0.3058502
31543,0.11326746,0.302765
31544,0.7487071,0.8124387
31545,0.018949548,0.60708046
31546,0.033820033,0.23451811
31547,0.8242809,0.9407697
31548,0.055313654,0.2784243
31549,0.083314076,0.7672654
31550,0.1969966,0.13593249
31551,0.8066579,0.85713905
31552,0.02642774,0.9818507
31553,0.5609878,0.32104614
31554,0.027757473,0.07036061
31555,0.7911797,0.69628364
31556,0.4304297,0.54007787
31557,0.009931893,0.013530717
31558,0.080806315,0.19696835
31559,0.06906001,0.76955485
31560,0.96959084,0.95500594
31561,0.003567899,0.076436944
31562,0.0052532665,0.00442124
31563,0.02246122,0.06943775
31564,0.35844353,0.6589205
31565,0.3305994,0.72522587
31566,0.26670718,0.17423622
31567,0.11504724,0.15558255
31568,0.054198645,0.9501164
31569,0.003156997,0.013429298
31570,0.7289303,0.8972675
31571,0.08731192,0.53093594
31572,0.03351399,0.21269614
31573,0.16707508,0.14010885
31574,0.2249514,0.81429654
31575,0.13692144,0.10869109
31576,0.3168303,0.85463566
31577,0.06306609,0.49277678
31578,0.18052381,0.94083244
31579,0.040709384,0.116647
31580,0.16345398,0.5506295
31581,0.7339431,0.9725552
31582,0.16511415,0.5905024
31583,0.027320614,0.90255463
31584,0.08214284,0.21360324
31585,0.016296232,0.15535165
31586,0.021741308,0.055362176
31587,0.096584216,0.9121556
31588,0.1290406,0.66475326
31589,0.11388899,0.087973185
31590,0.4103777,0.07609809
31591,0.062354635,0.33635482
31592,0.15382363,0.06846417
31593,0.09091143,0.4381797
31594,0.020808917,0.45192888
31595,0.060203712,0.20193872
31596,0.09990116,0.6487044
31597,0.028997233,0.6199452
31598,0.52903354,0.75441444
31599,0.4670273,0.9075592
31600,0.12558186,0.63877416
31601,0.024401143,0.8105814
31602,0.0037566521,0.0662189
31603,0.04921734,0.7280918
31604,0.06855818,0.32897517
31605,0.12698638,0.7322393
31606,0.001496954,0.07956565
31607,0.39418712,0.38946107
31608,0.21808803,0.41225332
31609,0.06603331,0.12821221
31610,0.011785915,0.09750877
31611,0.043489456,0.6645606
31612,0.34842968,0.4704708
31613,0.0097548375,0.017179204
31614,0.03538047,0.18240428
31615,0.16442043,0.08209853
31616,0.023372116,0.3243767
31617,0.27052,0.9014284
31618,0.11368213,0.21685645
31619,0.15481476,0.1811228
31620,0.0085938955,0.1279688
31621,0.0065699946,0.023876661
31622,0.8289256,0.92685246
31623,0.13136764,0.09018321
31624,0.004341347,0.012416901
31625,0.07966447,0.89262
31626,0.35591322,0.7013033
31627,0.044067606,0.09074915
31628,0.05820193,0.45488772
31629,0.7853858,0.5969447
31630,0.06549173,0.95650834
31631,0.008077056,0.084749386
31632,0.3734494,0.5306878
31633,0.1012609,0.11828783
31634,0.052268565,0.6635977
31635,0.34992105,0.16035621
31636,0.6746455,0.7605097
31637,0.07440513,0.15817806
31638,0.7317023,0.96472245
31639,0.77215034,0.808848
31640,0.017765399,0.18724285
31641,0.9225604,0.932732
31642,0.2352768,0.82785153
31643,0.2870387,0.29147938
31644,0.14616595,0.8063998
31645,0.0050616595,0.075450264
31646,0.0057152803,0.8960952
31647,0.5519016,0.81755406
31648,0.11608075,0.44839692
31649,0.12194493,0.6792703
31650,0.35384196,0.0504163
31651,0.28335574,0.83236396
31652,0.9465645,0.69474036
31653,0.2580142,0.23644726
31654,0.026532654,0.080304876
31655,0.09869312,0.10539727
31656,0.11453294,0.76530254
31657,0.14279476,0.34531564
31658,0.02875809,0.19242072
31659,0.043835163,0.8065588
31660,0.8883037,0.97306496
31661,0.48722684,0.94047564
31662,0.043799963,0.040835254
31663,0.6909146,0.5625427
31664,0.83250695,0.92425495
31665,0.024216104,0.95495766
31666,0.19233921,0.832424
31667,0.03125681,0.18106146
31668,0.015074752,0.08285646
31669,0.04007616,0.18423982
31670,0.4224631,0.93586916
31671,0.019934507,0.48813945
31672,0.036414936,0.108037
31673,0.199401,0.83589005
31674,0.28241,0.7675517
31675,0.70406765,0.65671265
31676,0.013611313,0.51668847
31677,0.055182017,0.38412887
31678,0.9300898,0.9266666
31679,0.39077917,0.8652619
31680,0.014251001,0.9519796
31681,0.0028734433,0.120210804
31682,0.019011233,0.77750665
31683,0.044603173,0.101877734
31684,0.0036963564,0.028679483
31685,0.42107525,0.654436
31686,0.06037533,0.0078064064
31687,0.14525458,0.532131
31688,0.006453231,0.035318732
31689,0.27775508,0.9819629
31690,0.16583408,0.26630035
31691,0.018877342,0.40017566
31692,0.015066923,0.32619822
31693,0.045093726,0.16973682
31694,0.1133922,0.93075746
31695,0.5037488,0.5530807
31696,0.050656382,0.19467582
31697,0.16500832,0.77356565
31698,0.13161528,0.03967933
31699,0.18140917,0.86699677
31700,0.020637881,0.3091124
31701,0.26805523,0.9609221
31702,0.00604181,0.95995915
31703,0.007038856,0.027842034
31704,0.7112047,0.81238896
31705,0.29682854,0.5065117
31706,0.2529811,0.8263427
31707,0.46061343,0.8546712
31708,0.14268413,0.1575638
31709,0.98269504,0.9411054
31710,0.11879407,0.73794335
31711,0.18383084,0.6605781
31712,0.4191854,0.8442368
31713,0.041756265,0.09598417
31714,0.026580377,0.47542447
31715,0.84579337,0.9764082
31716,0.0073873405,0.08100159
31717,0.1106145,0.6438578
31718,0.05079653,0.22065306
31719,0.07089919,0.26259804
31720,0.069385335,0.89761317
31721,0.003952733,0.11468009
31722,0.022161525,0.7769903
31723,0.08183057,0.1925114
31724,0.31611216,0.37437484
31725,0.011172409,0.053704254
31726,0.02468631,0.09962368
31727,0.19219215,0.7150374
31728,0.02345321,0.75126886
31729,0.18121617,0.22933675
31730,0.76877725,0.9539012
31731,0.0013558193,0.11486813
31732,0.25334066,0.5887429
31733,0.59617764,0.64450014
31734,0.08906709,0.45429963
31735,0.1732895,0.76042306
31736,0.029498056,0.23017904
31737,0.12469478,0.18946442
31738,0.10795298,0.52386487
31739,0.20062822,0.95851666
31740,0.19093342,0.42582676
31741,0.08974027,0.2124207
31742,0.2806675,0.933328
31743,0.06876735,0.54413486
31744,0.8097891,0.6965759
31745,0.032557294,0.23569074
31746,0.17348996,0.36990142
31747,0.019618882,0.34328684
31748,0.034347706,0.016053488
31749,0.02679698,0.96596766
31750,0.12669355,0.5510512
31751,0.004208474,0.015638899
31752,0.009661826,0.06721459
31753,0.056197435,0.9337427
31754,0.031156307,0.78109056
31755,0.01008962,0.06721612
31756,0.10173207,0.98130095
31757,0.49378365,0.6931357
31758,0.966232,0.9213659
31759,0.050581507,0.12800759
31760,0.48070237,0.5646623
31761,0.046213724,0.14797576
31762,0.12057461,0.30311185
31763,0.8798534,0.35387492
31764,0.03728534,0.12814036
31765,0.33337164,0.74765635
31766,0.23841405,0.0400512
31767,0.37567908,0.9553369
31768,0.06093988,0.023294961
31769,0.021014977,0.054732
31770,0.3389939,0.67933774
31771,0.56364465,0.6371716
31772,0.08549055,0.8358626
31773,0.021770287,0.49546695
31774,0.048152775,0.60198766
31775,0.29699624,0.97993547
31776,0.45468208,0.7368602
31777,0.008924469,0.2036712
31778,0.010993852,0.12885985
31779,0.013038573,0.08526349
31780,0.015030376,0.3238913
31781,0.04927516,0.042728078
31782,0.02921145,0.5396894
31783,0.0655363,0.23827785
31784,0.014394217,0.07219376
31785,0.26562566,0.12675457
31786,0.05165141,0.06178696
31787,0.22252405,0.27306312
31788,0.06409627,0.33879808
31789,0.006416817,0.6109573
31790,0.070202455,0.16154602
31791,0.0019886296,0.061222307
31792,0.010771989,0.41995418
31793,0.06366306,0.21520858
31794,0.072247945,0.747732
31795,0.1192799,0.1106183
31796,0.4112346,0.07196107
31797,0.2539739,0.69392234
31798,0.11030305,0.75900465
31799,0.0008383983,0.00671992
31800,0.26800776,0.8137714
31801,0.66640216,0.92792445
31802,0.8371794,0.9904379
31803,0.049880423,0.8913229
31804,0.0067484793,0.15236475
31805,0.13524643,0.13748004
31806,0.023601294,0.16299751
31807,0.84214544,0.8083469
31808,0.0035333636,0.9278189
31809,0.29337695,0.26837325
31810,0.009042505,0.06738619
31811,0.9064255,0.06935377
31812,0.08062,0.9708138
31813,0.040886357,0.30456862
31814,0.09258577,0.15166488
31815,0.29237813,0.513474
31816,0.12540348,0.8273424
31817,0.025769679,0.065209076
31818,0.9201254,0.8028846
31819,0.035594508,0.1547009
31820,0.2668696,0.23450401
31821,0.14927888,0.13595778
31822,0.5252686,0.93034846
31823,0.37004888,0.4352582
31824,0.4379701,0.91831255
31825,0.02336083,0.49448088
31826,0.1380677,0.59396625
31827,0.64401174,0.29575896
31828,0.20417668,0.47550854
31829,0.01474451,0.02990416
31830,0.5442403,0.45749924
31831,0.020034878,0.87313765
31832,0.23159952,0.8687081
31833,0.04742905,0.6265738
31834,0.04593594,0.64158773
31835,0.014536084,0.021602536
31836,0.0005964286,0.0051110517
31837,0.8791581,0.9835759
31838,0.7307965,0.81694263
31839,0.038657065,0.09455814
31840,0.016346062,0.15508108
31841,0.011406982,0.103789136
31842,0.08773988,0.17535816
31843,0.5551033,0.848991
31844,0.07144936,0.8397364
31845,0.333224,0.7964105
31846,0.48601672,0.8423603
31847,0.032269973,0.8566581
31848,0.024465162,0.07132533
31849,0.08902604,0.104475155
31850,0.008440517,0.052801568
31851,0.02272032,0.061831534
31852,0.059138656,0.3918004
31853,0.76764154,0.862726
31854,0.57496256,0.82848763
31855,0.88503885,0.9730233
31856,0.0457524,0.09356364
31857,0.15804008,0.85630137
31858,0.19742762,0.59780306
31859,0.015664186,0.85501826
31860,0.34102213,0.42828625
31861,0.0493559,0.029616604
31862,0.0010749144,0.015060494
31863,0.2960428,0.726151
31864,0.008743921,0.56629163
31865,0.011243336,0.5777629
31866,0.14033201,0.16944581
31867,0.02819342,0.6249269
31868,0.005186912,0.011002893
31869,0.015449867,0.13050717
31870,0.0050484887,0.1348476
31871,0.8378485,0.96257323
31872,0.0047312067,0.12337074
31873,0.16212946,0.23645729
31874,0.041942697,0.06000391
31875,0.4400317,0.39868066
31876,0.052036166,0.23580486
31877,0.08129847,0.03647702
31878,0.02918935,0.9074911
31879,0.009071384,0.58892095
31880,0.010144475,0.060006518
31881,0.7814488,0.7586958
31882,0.026585614,0.10348345
31883,0.07529625,0.39769033
31884,0.0050603654,0.03733554
31885,0.62420315,0.94070935
31886,0.24293813,0.32958993
31887,0.1606846,0.032216832
31888,0.024221538,0.18879382
31889,0.061347593,0.9201426
31890,0.46690825,0.19445537
31891,0.0027088802,0.10300716
31892,0.770185,0.880276
31893,0.0671984,0.81282127
31894,0.21758221,0.77482957
31895,0.073772654,0.18911886
31896,0.07509739,0.7932317
31897,0.19209534,0.77733916
31898,0.021082923,0.03535075
31899,0.9703662,0.82528627
31900,0.7203626,0.14495985
31901,0.10434452,0.39239374
31902,0.02010055,0.19831179
31903,0.073590145,0.8288552
31904,0.030760027,0.10523913
31905,0.0006124154,0.019774823
31906,0.008547951,0.18920694
31907,0.02710295,0.75003767
31908,0.010543139,0.052026134
31909,0.068011336,0.20373042
31910,0.003870299,0.67785573
31911,0.046502285,0.9796419
31912,0.08514654,0.6646165
31913,0.05587065,0.5557162
31914,0.022403002,0.9063717
31915,0.076136164,0.91716933
31916,0.08084756,0.9238792
31917,0.52495277,0.040701006
31918,0.13660805,0.96080995
31919,0.7238925,0.5826106
31920,0.010877119,0.95717883
31921,0.031370193,0.45213172
31922,0.021961277,0.01867297
31923,0.03500796,0.116526596
31924,0.15240405,0.18416464
31925,0.037250936,0.8585897
31926,0.012679668,0.04711916
31927,0.33661255,0.41182175
31928,0.29239213,0.8845986
31929,0.035306193,0.049821373
31930,0.0756284,0.35624233
31931,0.056443557,0.8698102
31932,0.018668214,0.12868841
31933,0.04966209,0.098596536
31934,0.15976241,0.27902916
31935,0.7097523,0.95287997
31936,0.11328613,0.20592588
31937,0.08359127,0.42502424
31938,0.073366486,0.47795472
31939,0.037740715,0.0522329
31940,0.018761624,0.07762056
31941,0.036302406,0.45151356
31942,0.0047127004,0.043091957
31943,0.026277743,0.11708191
31944,0.18234932,0.76409304
31945,0.32967854,0.71760046
31946,0.08793352,0.033257004
31947,0.0036919215,0.050751705
31948,0.05870183,0.97460246
31949,0.167119,0.1315846
31950,0.01205111,0.13698967
31951,0.42712775,0.2826326
31952,0.06400536,0.30303746
31953,0.01287287,0.24077536
31954,0.45466217,0.8251892
31955,0.01481138,0.14876945
31956,0.010780575,0.07046912
31957,0.43773696,0.8111631
31958,0.0025664272,0.033454053
31959,0.031347487,0.124735884
31960,0.02442385,0.037420694
31961,0.047086533,0.07576358
31962,0.10569598,0.5851498
31963,0.29011038,0.89075685
31964,0.02674667,0.1264515
31965,0.08253303,0.963716
31966,0.0491964,0.18760791
31967,0.003632364,0.07501577
31968,0.38797918,0.046342745
31969,0.021161873,0.4546705
31970,0.6384006,0.5205461
31971,0.020712005,0.68748367
31972,0.06305866,0.28749478
31973,0.02220596,0.15110765
31974,0.010180444,0.011658098
31975,0.004972573,0.040116664
31976,0.0106850285,0.14028624
31977,0.005390828,0.06436431
31978,0.26690066,0.3923692
31979,0.0053585568,0.042868473
31980,0.049632166,0.49501222
31981,0.18553571,0.53138953
31982,0.025337039,0.22441891
31983,0.40071675,0.024837958
31984,0.008271437,0.026723988
31985,0.021267844,0.044472713
31986,0.62744486,0.93439776
31987,0.008177654,0.45928133
31988,0.78503674,0.8512996
31989,0.11175353,0.9655895
31990,0.014223542,0.9696232
31991,0.61759186,0.6335543
31992,0.13934733,0.08185778
31993,0.6661862,0.48989034
31994,0.16836381,0.121726215
31995,0.21425098,0.36470592
31996,0.0038028427,0.042665172
31997,0.027060803,0.93257767
31998,0.00043673886,0.12629661
31999,0.023147048,0.02480759
32000,0.12994008,0.9157806
32001,0.080715865,0.66920704
32002,0.40501142,0.4306017
32003,0.16145767,0.5892001
32004,0.6576916,0.95923895
32005,0.029610597,0.0675136
32006,0.01800982,0.6125161
32007,0.7549269,0.9062466
32008,0.009913155,0.02550795
32009,0.03224647,0.11294287
32010,0.03219795,0.31077066
32011,0.14261687,0.9240902
32012,0.06559594,0.97108227
32013,0.13301511,0.87749994
32014,0.010160954,0.233049
32015,0.29791138,0.28930062
32016,0.82903206,0.8162609
32017,0.0037479284,0.101708725
32018,0.05185169,0.05745035
32019,0.22960466,0.6898793
32020,0.8613741,0.9518774
32021,0.092939675,0.19148155
32022,0.10119567,0.3638832
32023,0.17004713,0.87543154
32024,0.27063066,0.45524284
32025,0.31498796,0.39785254
32026,0.79654413,0.92387015
32027,0.02237744,0.918482
32028,0.89527017,0.8411459
32029,0.0008221634,0.006749991
32030,0.13311039,0.54533
32031,0.045890078,0.15584849
32032,0.7514062,0.39264244
32033,0.008340486,0.035117764
32034,0.058861002,0.46732083
32035,0.03759967,0.085876375
32036,0.34654078,0.8341065
32037,0.059322268,0.5455571
32038,0.23364623,0.6290769
32039,0.32854262,0.32801396
32040,0.16275132,0.92877084
32041,0.5955845,0.9527481
32042,0.15303233,0.67642343
32043,0.49593243,0.7498472
32044,0.0075432276,0.08748094
32045,0.03750536,0.89349985
32046,0.052922204,0.27497005
32047,0.96742123,0.97382396
32048,0.12089165,0.6613221
32049,0.006071776,0.23565973
32050,0.299803,0.85744244
32051,0.013514783,0.7264622
32052,0.6414554,0.8805878
32053,0.0006185604,0.028645545
32054,0.10618065,0.21292967
32055,0.032270838,0.33163816
32056,0.031235266,0.27054563
32057,0.019494897,0.041715533
32058,0.035832692,0.13054998
32059,0.1386459,0.91278476
32060,0.025872964,0.7858545
32061,0.09015238,0.064218454
32062,0.12517314,0.085381605
32063,0.09599798,0.9546835
32064,0.17025077,0.07919213
32065,0.3858182,0.36473623
32066,0.039615694,0.06594067
32067,0.0025439009,0.02161732
32068,0.031366285,0.49838102
32069,0.8549195,0.9653548
32070,0.91267943,0.9934209
32071,0.8443675,0.77570146
32072,0.8403361,0.950786
32073,0.0029716298,0.0382117
32074,0.025552845,0.38959613
32075,0.0035383163,0.046474036
32076,0.046927527,0.87682104
32077,0.047072925,0.13376367
32078,0.024400787,0.08444834
32079,0.016936129,0.06914702
32080,0.02926355,0.05763183
32081,0.5207845,0.903296
32082,0.0022297462,0.02104073
32083,0.02827107,0.12314091
32084,0.021900008,0.5570048
32085,0.083776064,0.7080904
32086,0.8752836,0.85073465
32087,0.019087808,0.8538145
32088,0.09245988,0.8409991
32089,0.17346174,0.68443155
32090,0.0074027446,0.71913135
32091,0.6513669,0.106635645
32092,0.33369592,0.73904675
32093,0.00419248,0.12424487
32094,0.072144695,0.43466118
32095,0.983413,0.96823794
32096,0.27251124,0.9441254
32097,0.34355378,0.44556558
32098,0.05567743,0.057982504
32099,0.31331694,0.49918303
32100,0.12928827,0.23621014
32101,0.23687409,0.7397402
32102,0.017983228,0.095062695
32103,0.0041740164,0.39730766
32104,0.038727116,0.33148852
32105,0.11454578,0.84129965
32106,0.40582448,0.82640874
32107,0.04765645,0.17724499
32108,0.01193549,0.060512174
32109,0.07174854,0.12979147
32110,0.095882386,0.37411198
32111,0.044836465,0.49428135
32112,0.96791893,0.6855473
32113,0.05550495,0.43002445
32114,0.8978449,0.81720996
32115,0.016889676,0.083672635
32116,0.16747296,0.05527878
32117,0.11608506,0.87552994
32118,0.021708075,0.6108345
32119,0.53285384,0.7457866
32120,0.20110412,0.9699487
32121,0.11862848,0.8599718
32122,0.12348457,0.71282804
32123,0.0013765129,0.14568792
32124,0.07264159,0.99741
32125,0.00440093,0.06355026
32126,0.6082829,0.89748037
32127,0.2506967,0.90738225
32128,0.8327161,0.91813594
32129,0.018662352,0.009668139
32130,0.28510845,0.15614249
32131,0.98149776,0.99847895
32132,0.023653325,0.9234975
32133,0.006723801,0.031411402
32134,0.047969494,0.96823823
32135,0.45888186,0.3495144
32136,0.21648088,0.26629174
32137,0.017131671,0.7861266
32138,0.20005631,0.78527343
32139,0.08339425,0.21739185
32140,0.2671499,0.10673773
32141,0.02172106,0.032215264
32142,0.1295734,0.9540448
32143,0.03336179,0.4486763
32144,0.20503621,0.09422852
32145,0.039529473,0.41173205
32146,0.014901709,0.005559452
32147,0.03533703,0.10181895
32148,0.8458752,0.93872994
32149,0.045233402,0.586458
32150,0.005015355,0.6629226
32151,0.0065319487,0.09390669
32152,0.020888556,0.7182703
32153,0.021795684,0.51583326
32154,0.009440284,0.053384077
32155,0.0036721844,0.3104469
32156,0.02361075,0.04290749
32157,0.0057624234,0.014155555
32158,0.009602094,0.579737
32159,0.9012256,0.89159554
32160,0.10747811,0.13686608
32161,0.5389068,0.106573604
32162,0.06539489,0.13793468
32163,0.07945419,0.18252034
32164,0.092506446,0.06703673
32165,0.1215813,0.9283662
32166,0.19416575,0.32354242
32167,0.065054476,0.7064818
32168,0.04662687,0.14134462
32169,0.056892395,0.37155402
32170,0.5017018,0.9180579
32171,0.047962263,0.6871616
32172,0.93754995,0.96281207
32173,0.048400257,0.18695523
32174,0.051043436,0.103830054
32175,0.25432563,0.95105076
32176,0.9041392,0.96066266
32177,0.09116463,0.57935774
32178,0.022025058,0.26833457
32179,0.057712823,0.8826793
32180,0.02036045,0.18224093
32181,0.22670728,0.23612492
32182,0.23773827,0.33714497
32183,0.41919565,0.89010984
32184,0.052591812,0.29171798
32185,0.0913996,0.28637832
32186,0.10549114,0.37876627
32187,0.25266635,0.62372625
32188,0.2542957,0.040807467
32189,0.49404025,0.80439436
32190,0.48342985,0.7790007
32191,0.043896973,0.10744024
32192,0.008226351,0.3330043
32193,0.051757485,0.2602743
32194,0.0067134877,0.015980726
32195,0.025354456,0.17867373
32196,0.8290929,0.9805267
32197,0.053703893,0.024170423
32198,0.35863593,0.77308875
32199,0.8086208,0.83114
32200,0.07807277,0.0774284
32201,0.05607687,0.09432805
32202,0.046987463,0.94375616
32203,0.08093031,0.910068
32204,0.31967247,0.7734193
32205,0.021917729,0.7323048
32206,0.221135,0.9388337
32207,0.79452866,0.9261884
32208,0.03889798,0.18375508
32209,0.008420109,0.13242237
32210,0.044855107,0.7081558
32211,0.001948292,0.032821354
32212,0.004534252,0.23661283
32213,0.10415581,0.071492694
32214,0.058317393,0.20205797
32215,0.21859333,0.31149462
32216,0.7200533,0.95944524
32217,0.0032963585,0.16232623
32218,0.02718543,0.9240843
32219,0.013172358,0.07143222
32220,0.8285949,0.8763235
32221,0.4564445,0.7262489
32222,0.015714163,0.025043648
32223,0.2624957,0.74120903
32224,0.28906688,0.83481157
32225,0.5303714,0.6292554
32226,0.30596143,0.97259575
32227,0.17181894,0.3267232
32228,0.94131935,0.95521355
32229,0.0018432549,0.4672383
32230,0.14297053,0.048947256
32231,0.45801726,0.89644414
32232,0.0635931,0.32569933
32233,0.07546171,0.77084506
32234,0.021342475,0.55148005
32235,0.13972329,0.844761
32236,0.073222764,0.9822107
32237,0.8860243,0.95996666
32238,0.0058547826,0.009694637
32239,0.0055485014,0.06517508
32240,0.089181505,0.30972028
32241,0.8617738,0.8974639
32242,0.0089679435,0.32670632
32243,0.18850161,0.27939266
32244,0.0018603392,0.013036119
32245,0.06555253,0.69074893
32246,0.21299957,0.5846466
32247,0.012786419,0.50350887
32248,0.091424756,0.8409084
32249,0.08839077,0.38366127
32250,0.021282261,0.42883053
32251,0.27003956,0.16602486
32252,0.3081058,0.3611682
32253,0.035287388,0.16342834
32254,0.003320895,0.111418925
32255,0.06806905,0.722734
32256,0.29470265,0.36363623
32257,0.037281275,0.7115645
32258,0.0122465575,0.079702966
32259,0.13803661,0.7280191
32260,0.029209895,0.4638276
32261,0.11502218,0.13088126
32262,0.09241126,0.043178655
32263,0.03504617,0.3659329
32264,0.060313962,0.5333371
32265,0.1519624,0.77894324
32266,0.07751615,0.06933317
32267,0.011847436,0.027778665
32268,0.014493898,0.11282608
32269,0.37985414,0.6355892
32270,0.8117423,0.4414337
32271,0.68399733,0.5572016
32272,0.026042573,0.2982236
32273,0.123944364,0.19174474
32274,0.282454,0.8238636
32275,0.06727522,0.89840144
32276,0.18387316,0.10822239
32277,0.21386157,0.28629053
32278,0.05334483,0.4779471
32279,0.015199866,0.037611697
32280,0.1109695,0.06752672
32281,0.8694285,0.9198932
32282,0.0119828135,0.029181434
32283,0.063671984,0.7333476
32284,0.8417773,0.77775466
32285,0.11912686,0.2936653
32286,0.109729975,0.6507462
32287,0.006940606,0.39446598
32288,0.19831543,0.6773481
32289,0.62887406,0.9062838
32290,0.027192745,0.04444922
32291,0.026310418,0.198031
32292,0.10677805,0.43112165
32293,0.22280651,0.9640434
32294,0.037998836,0.37663314
32295,0.038350865,0.6959866
32296,0.18815969,0.7698061
32297,0.22963166,0.90189236
32298,0.01026368,0.03807249
32299,0.056224655,0.206409
32300,0.004949336,0.09331002
32301,0.08677272,0.36369815
32302,0.06493619,0.25304934
32303,0.398534,0.46710116
32304,0.09234243,0.42946446
32305,0.0528135,0.3128619
32306,0.36531916,0.7497742
32307,0.20983914,0.37216982
32308,0.28793612,0.73030454
32309,0.76644796,0.7652777
32310,0.6051511,0.81346047
32311,0.024947131,0.23561925
32312,0.62053484,0.6259783
32313,0.011729413,0.027080348
32314,0.0024800745,0.12566249
32315,0.06476549,0.15551186
32316,0.05216206,0.9507667
32317,0.014978241,0.5120538
32318,0.014961491,0.62315845
32319,0.21147113,0.96399915
32320,0.0020147122,0.019244755
32321,0.36982614,0.43296346
32322,0.029114058,0.15023912
32323,0.77530783,0.8907679
32324,0.24788807,0.67477393
32325,0.19660082,0.36673826
32326,0.19107918,0.09047031
32327,0.0022583778,0.09315822
32328,0.014004377,0.06164229
32329,0.078436084,0.6470448
32330,0.03650725,0.35581407
32331,0.034189582,0.8587036
32332,0.013147112,0.14577922
32333,0.0047938745,0.033509355
32334,0.044004105,0.3602365
32335,0.017942198,0.0827691
32336,0.02143185,0.1725942
32337,0.09573975,0.1021845
32338,0.07193891,0.59105027
32339,0.6867846,0.6441825
32340,0.30432162,0.92377514
32341,0.5063467,0.6918829
32342,0.027422031,0.7054128
32343,0.7085271,0.88507247
32344,0.96435136,0.9788431
32345,0.0073183295,0.101930395
32346,0.023634266,0.10319272
32347,0.8494347,0.7180385
32348,0.07557367,0.9898397
32349,0.35871097,0.8872147
32350,0.025708105,0.81359917
32351,0.5691513,0.8517574
32352,0.0009558467,0.007764598
32353,0.0086434875,0.015309638
32354,0.1278257,0.21464247
32355,0.02568579,0.55226004
32356,0.10782924,0.19917178
32357,0.44390145,0.51126117
32358,0.64949507,0.97014207
32359,0.22635399,0.7492983
32360,0.6947319,0.75286484
32361,0.014202104,0.8568893
32362,0.24107894,0.37458092
32363,0.01845662,0.91934925
32364,0.60386294,0.03862368
32365,0.0017272867,0.055380844
32366,0.09648862,0.4785578
32367,0.35729057,0.9141117
32368,0.1720389,0.78684664
32369,0.13326487,0.24979097
32370,0.04176286,0.30492538
32371,0.0058267093,0.05769791
32372,0.044687476,0.078194655
32373,0.15401801,0.28327557
32374,0.2078579,0.7448055
32375,0.07693679,0.678859
32376,0.03363767,0.034140788
32377,0.023794174,0.6765535
32378,0.041515615,0.5987636
32379,0.024670724,0.19784284
32380,0.42800397,0.6671748
32381,0.007988686,0.318098
32382,0.032541793,0.2882065
32383,0.2038044,0.5098941
32384,0.05736092,0.16185434
32385,0.021918537,0.09177029
32386,0.045118425,0.75158834
32387,0.3692784,0.4969846
32388,0.14201929,0.2530366
32389,0.026372116,0.08970386
32390,0.022124398,0.83618134
32391,0.7708905,0.7232204
32392,0.029151546,0.35921496
32393,0.46087602,0.73542196
32394,0.008933483,0.18373808
32395,0.039989766,0.8988798
32396,0.0018593292,0.05073404
32397,0.099557914,0.5567935
32398,0.053671163,0.48493156
32399,0.8232657,0.7177196
32400,0.31017444,0.4292787
32401,0.011476616,0.9103048
32402,0.0021522616,0.12597631
32403,0.013040377,0.93255043
32404,0.0111570535,0.10541454
32405,0.106897965,0.9609973
32406,0.31454882,0.33569977
32407,0.15281208,0.2886846
32408,0.116095066,0.69758576
32409,0.17542888,0.84937686
32410,0.25692326,0.7932343
32411,0.412119,0.20812823
32412,0.028372139,0.022462476
32413,0.13828693,0.45245203
32414,0.15764451,0.9605784
32415,0.025001636,0.18348219
32416,0.81439483,0.9503644
32417,0.34677362,0.82606196
32418,0.21188936,0.11933567
32419,0.046283796,0.13463445
32420,0.8822593,0.6545637
32421,0.1302771,0.47625408
32422,0.0063089128,0.023189276
32423,0.047868215,0.6129561
32424,0.29048827,0.4486207
32425,0.6798228,0.656483
32426,0.027110146,0.12851365
32427,0.008715816,0.06806791
32428,0.20972537,0.418484
32429,0.75153726,0.90749973
32430,0.15789352,0.3935147
32431,0.649097,0.9546984
32432,0.011334126,0.23890315
32433,0.50375533,0.25027356
32434,0.002958274,0.14448275
32435,0.25983208,0.94031674
32436,0.02816182,0.5099938
32437,0.07382684,0.11118552
32438,0.22352223,0.057074822
32439,0.12045646,0.60337764
32440,0.01752998,0.37359068
32441,0.21037452,0.47788796
32442,0.024797803,0.60987
32443,0.09379666,0.64015543
32444,0.4543259,0.8537579
32445,0.047677822,0.068011895
32446,0.11673293,0.91644204
32447,0.056678694,0.18731256
32448,0.33498365,0.5854597
32449,0.0035206706,0.058797
32450,0.5444248,0.79541147
32451,0.0035440186,0.31511113
32452,0.01143783,0.1759321
32453,0.81584895,0.11926788
32454,0.7013138,0.6709913
32455,0.044121783,0.09972948
32456,0.020396931,0.053719837
32457,0.036240317,0.7285519
32458,0.47731322,0.3203883
32459,0.012600899,0.1980935
32460,0.0309789,0.8617946
32461,0.008054898,0.021973351
32462,0.016411005,0.8112774
32463,0.45908076,0.8022815
32464,0.421304,0.62756485
32465,0.17690566,0.93096775
32466,0.11995417,0.10414562
32467,0.075175956,0.15115273
32468,0.002042649,0.10719334
32469,0.017526012,0.32904464
32470,0.022924174,0.34635517
32471,0.13317794,0.31089082
32472,0.16437958,0.43442565
32473,0.00907384,0.08646288
32474,0.016644383,0.16898459
32475,0.34941468,0.9895654
32476,0.00970432,0.11925913
32477,0.013797143,0.12904829
32478,0.03149205,0.7850328
32479,0.0031607794,0.20158798
32480,0.14765225,0.1036824
32481,0.15694834,0.24126716
32482,0.022477673,0.8766047
32483,0.09254733,0.7671086
32484,0.35081077,0.45958805
32485,0.074546434,0.021837294
32486,0.0423887,0.097454526
32487,0.33791873,0.50761396
32488,0.27301088,0.510068
32489,0.5496151,0.8894676
32490,0.034981664,0.8232702
32491,0.9127567,0.98838997
32492,0.25163385,0.4788356
32493,0.007075584,0.06146993
32494,0.19243743,0.9641359
32495,0.4212101,0.68469155
32496,0.05887668,0.17274486
32497,0.06106466,0.10694659
32498,0.19641447,0.35962155
32499,0.085497834,0.5675453
32500,0.0035783367,0.04876493
32501,0.83783996,0.9356353
32502,0.54784197,0.41352624
32503,0.045249972,0.24320324
32504,0.60598004,0.68180543
32505,0.009196539,0.9043602
32506,0.18575393,0.73947686
32507,0.047789797,0.14166956
32508,0.528861,0.52290505
32509,0.20713244,0.5121602
32510,0.021469334,0.9637802
32511,0.09076895,0.32699698
32512,0.03472106,0.30864897
32513,0.24895458,0.607522
32514,0.056252863,0.32577097
32515,0.14805381,0.05986607
32516,0.35205716,0.58264315
32517,0.04610519,0.09547697
32518,0.43944943,0.44285625
32519,0.78066665,0.72960657
32520,0.015884828,0.17136009
32521,0.012086815,0.05374145
32522,0.046982583,0.2381645
32523,0.21834439,0.6421513
32524,0.4751997,0.41914254
32525,0.52680576,0.7935128
32526,0.0747972,0.16284728
32527,0.04028089,0.53673047
32528,0.23754239,0.9798757
32529,0.019280327,0.82000625
32530,0.7358255,0.84499276
32531,0.034223083,0.06100479
32532,0.30627534,0.32974297
32533,0.91897523,0.9603515
32534,0.7171596,0.89373535
32535,0.027404029,0.08715889
32536,0.019639868,0.09423493
32537,0.9357195,0.9544196
32538,0.22362432,0.37622598
32539,0.023608586,0.06420821
32540,0.0017700065,0.25120288
32541,0.05550344,0.16717999
32542,0.054125316,0.70845073
32543,0.024964612,0.58399457
32544,0.018134834,0.04592541
32545,0.5814391,0.9675771
32546,0.5161849,0.13758063
32547,0.011812792,0.7932622
32548,0.064665355,0.17587125
32549,0.09213252,0.100889824
32550,0.4887712,0.8779615
32551,0.07605474,0.036493566
32552,0.2945163,0.9063423
32553,0.0011916999,0.10970482
32554,0.5293858,0.7663773
32555,0.0037529545,0.7248316
32556,0.43155557,0.7322955
32557,0.00627884,0.08475253
32558,0.04115862,0.39271128
32559,0.31269723,0.359639
32560,0.8412905,0.5039095
32561,0.033460006,0.11499303
32562,0.15330224,0.12833065
32563,0.9849761,0.9541044
32564,0.3308537,0.9783241
32565,0.013429209,0.4132699
32566,0.014030171,0.6667623
32567,0.073473625,0.6837118
32568,0.113654144,0.441305
32569,0.24166295,0.90956926
32570,0.0015882591,0.11777108
32571,0.51741874,0.55935436
32572,0.24313436,0.9422568
32573,0.0012838184,0.009492539
32574,0.05637075,0.9241237
32575,0.00678592,0.117666095
32576,0.3298903,0.784161
32577,0.027037065,0.04480041
32578,0.01867789,0.7393413
32579,0.26170504,0.93992007
32580,0.38839507,0.73811644
32581,0.049314324,0.63670063
32582,0.15928948,0.9827252
32583,0.16767213,0.64563906
32584,0.9582205,0.9670552
32585,0.02816801,0.091120146
32586,0.0063779387,0.5910734
32587,0.018934509,0.56753784
32588,0.016802939,0.062013157
32589,0.26937324,0.5483446
32590,0.012753201,0.043582704
32591,0.054983977,0.9758867
32592,0.14837761,0.5896104
32593,0.04935248,0.659189
32594,0.03591621,0.56928444
32595,0.04209765,0.4453471
32596,0.03728667,0.07692008
32597,0.012929002,0.97657496
32598,0.045389105,0.34649488
32599,0.0073398524,0.07964438
32600,0.7424809,0.25703502
32601,0.038492575,0.7015749
32602,0.84029156,0.9706801
32603,0.0044122282,0.11922966
32604,0.23140436,0.2509184
32605,0.035644524,0.13497326
32606,0.03889681,0.6483007
32607,0.24829365,0.54512584
32608,0.08524006,0.1807064
32609,0.1118501,0.9504647
32610,0.64654785,0.7097804
32611,0.70661867,0.9507611
32612,0.041636728,0.46291885
32613,0.020902812,0.07655987
32614,0.10687158,0.47991374
32615,0.15355563,0.97100854
32616,0.20740423,0.9240796
32617,0.062426608,0.9777149
32618,0.52447355,0.1527078
32619,0.11722292,0.19986513
32620,0.86134857,0.95699835
32621,0.03847183,0.4316209
32622,0.33941567,0.29256254
32623,0.033250395,0.21989548
32624,0.36836165,0.61478126
32625,0.07717104,0.35973373
32626,0.04215853,0.49260882
32627,0.019193377,0.10838234
32628,0.89625883,0.9736239
32629,0.11725851,0.09869291
32630,0.019591821,0.46185684
32631,0.048720986,0.85806286
32632,0.05203018,0.08791329
32633,0.12470092,0.51317954
32634,0.07416941,0.44665253
32635,0.048507668,0.4614274
32636,0.03810892,0.12011554
32637,0.123933315,0.11279171
32638,0.17053209,0.7568927
32639,0.017641604,0.5291601
32640,0.036637805,0.9564164
32641,0.177542,0.8602362
32642,0.5426783,0.7311941
32643,0.054793656,0.7790539
32644,0.8232248,0.79079175
32645,0.15723623,0.38502964
32646,0.024283677,0.773005
32647,0.23016423,0.48120975
32648,0.38680342,0.8366139
32649,0.24822897,0.82569975
32650,0.015400269,0.48218927
32651,0.10893005,0.15261233
32652,0.4871705,0.5680433
32653,0.053049784,0.664809
32654,0.0180437,0.9233067
32655,0.0077135907,0.6977808
32656,0.24286662,0.55101573
32657,0.2587538,0.034491375
32658,0.0119053535,0.28607798
32659,0.30277014,0.28412038
32660,0.029276067,0.20294528
32661,0.040688634,0.8797548
32662,0.068952106,0.12759724
32663,0.03504014,0.9290825
32664,0.06962119,0.13691178
32665,0.08205802,0.9327408
32666,0.37176585,0.7183129
32667,0.22127421,0.7255042
32668,9.348834e-05,0.018968163
32669,0.012826225,0.599413
32670,0.10152408,0.134052
32671,0.0042549022,0.048592262
32672,0.047577467,0.10560818
32673,0.15232559,0.2745925
32674,0.0107739605,0.07908104
32675,0.0018559014,0.090900145
32676,0.08649826,0.5543819
32677,0.02767258,0.87572086
32678,0.1368385,0.18903747
32679,0.010234049,0.056820963
32680,0.104484566,0.07651808
32681,0.054437276,0.4917696
32682,0.029412791,0.9263481
32683,0.0769574,0.8225353
32684,0.0075963414,0.020028522
32685,0.03439942,0.25602102
32686,0.007212171,0.055609833
32687,0.019872896,0.7120662
32688,0.0047707623,0.036528815
32689,0.9253624,0.93023336
32690,0.005722642,0.82962155
32691,0.14320005,0.25695777
32692,0.038361013,0.15805686
32693,0.14971712,0.20156284
32694,0.19233412,0.43190348
32695,0.75492895,0.9390391
32696,0.17829274,0.3143125
32697,0.15596169,0.049963526
32698,0.054003198,0.9224716
32699,0.21503402,0.71642065
32700,0.019101495,0.13741551
32701,0.0009674362,0.009208857
32702,0.036698557,0.40594986
32703,0.014390003,0.08888524
32704,0.66324526,0.10809116
32705,0.044067375,0.08010043
32706,0.1136896,0.55128783
32707,0.06272394,0.11533787
32708,0.033154953,0.35088122
32709,0.20726782,0.41303766
32710,0.016101832,0.083936974
32711,0.245184,0.90474504
32712,0.02894723,0.7154975
32713,0.03424081,0.10935843
32714,0.085722074,0.6653456
32715,0.12318832,0.46980423
32716,0.014932222,0.10281821
32717,0.057583965,0.64571244
32718,0.063293844,0.12820867
32719,0.0067819194,0.042383213
32720,0.04423939,0.972329
32721,0.3223815,0.6055878
32722,0.09175714,0.7280465
32723,0.008818045,0.023667855
32724,0.83999044,0.12578939
32725,0.09067089,0.42246082
32726,0.07452694,0.64202446
32727,0.40562257,0.58726186
32728,0.033594724,0.1483067
32729,0.08684403,0.40498912
32730,0.007388847,0.036384214
32731,0.9441459,0.9781496
32732,0.1783453,0.7705521
32733,0.52131695,0.2555772
32734,0.038535617,0.015038455
32735,0.019674629,0.036108147
32736,0.001334439,0.15152198
32737,0.06867999,0.3609027
32738,0.86305386,0.7736082
32739,0.0033357607,0.028209265
32740,0.009964289,0.77079517
32741,0.002725287,0.102966085
32742,0.118568465,0.9493885
32743,0.009447221,0.035588518
32744,0.17448057,0.9413453
32745,0.20824969,0.57338345
32746,0.915345,0.56129134
32747,0.0097005665,0.15455358
32748,0.24264723,0.8362861
32749,0.21485302,0.19222587
32750,0.4883744,0.74790883
32751,0.0076185092,0.9715845
32752,0.06230918,0.18557902
32753,0.053567264,0.119608924
32754,0.006512715,0.02019554
32755,0.93010575,0.94640857
32756,0.122675136,0.16847914
32757,0.0010401253,0.013989636
32758,0.3672202,0.94169015
32759,0.030622274,0.55646646
32760,0.020071935,0.14377177
32761,0.047790144,0.84515524
32762,0.0046020956,0.091346055
32763,0.04134002,0.0833234
32764,0.0045140437,0.020359712
32765,0.037418675,0.09968612
32766,0.046153978,0.054950707
32767,0.0032121195,0.18296112
32768,0.008641318,0.20086452
32769,0.012582941,0.014792141
32770,0.5013924,0.93181294
32771,0.008254334,0.01589282
32772,0.06660773,0.548897
32773,0.0018192502,0.18647948
32774,0.0012398302,0.05606001
32775,0.030962529,0.46487558
32776,0.01178632,0.91121864
32777,0.52076125,0.6117723
32778,0.046003483,0.066496
32779,0.49837962,0.46644974
32780,0.0051727686,0.0036237354
32781,0.11754564,0.35529205
32782,0.01595799,0.9445909
32783,0.009314931,0.17124175
32784,0.1153615,0.13196954
32785,0.074689776,0.4981842
32786,0.40658548,0.76600224
32787,0.11863581,0.6604572
32788,0.124907084,0.70565754
32789,0.9222044,0.7510783
32790,0.7664349,0.8834575
32791,0.38309819,0.9042162
32792,0.36256197,0.6275575
32793,0.017258678,0.18750349
32794,0.0048761973,0.5940574
32795,0.0017654786,0.04790107
32796,0.8579335,0.6160698
32797,0.0026737738,0.09014803
32798,0.0025742315,0.079041414
32799,0.5526887,0.9531638
32800,0.0006653963,0.13348041
32801,0.91697055,0.82508826
32802,0.15836461,0.18063277
32803,0.05655532,0.13801382
32804,0.43923515,0.89133614
32805,0.1014795,0.123039156
32806,0.003162165,0.10517712
32807,0.0067196367,0.65090775
32808,0.021368599,0.40036386
32809,0.1595569,0.42313418
32810,0.051326305,0.30633816
32811,0.037473638,0.15120439
32812,0.14712735,0.27584708
32813,0.007928859,0.06953993
32814,0.013326044,0.044630095
32815,0.122741245,0.7450691
32816,0.4037379,0.7873133
32817,0.06300861,0.8928755
32818,0.29253158,0.87812334
32819,0.047697272,0.10037075
32820,0.008041281,0.42706314
32821,0.6292634,0.46259484
32822,0.038542517,0.64614207
32823,0.124567464,0.14747258
32824,0.018397953,0.21126737
32825,0.293315,0.50704217
32826,0.7118356,0.973044
32827,0.058693647,0.8474944
32828,0.14270686,0.91617566
32829,0.88590324,0.98105466
32830,0.08523023,0.2083063
32831,0.032866016,0.04048568
32832,0.0126880575,0.21745336
32833,0.017154852,0.10545658
32834,0.45598438,0.9477773
32835,0.079436,0.5975069
32836,0.47298658,0.28111106
32837,0.7501609,0.8362256
32838,0.02870551,0.8019215
32839,0.016805237,0.18280284
32840,0.026312377,0.059605017
32841,0.11120335,0.5208729
32842,0.009955082,0.085128285
32843,0.9398632,0.9707991
32844,0.0021321764,0.13121745
32845,0.013915596,0.14354178
32846,0.038937144,0.12578924
32847,0.043152895,0.19686316
32848,0.06146424,0.5556649
32849,0.02917466,0.01860587
32850,0.043800432,0.18260099
32851,0.06653193,0.06521124
32852,0.78936654,0.97058153
32853,0.02822782,0.13005269
32854,0.5999532,0.8807465
32855,0.0051637734,0.033691093
32856,0.00303091,0.9486876
32857,0.044859853,0.30944532
32858,0.35791552,0.078999594
32859,0.11740345,0.509632
32860,0.3169854,0.98134196
32861,0.3130457,0.9424769
32862,0.07347826,0.2389052
32863,0.056673657,0.07314518
32864,0.2891351,0.22920343
32865,0.036819812,0.24012755
32866,0.057139926,0.186566
32867,0.43073517,0.36075225
32868,0.06435045,0.15410048
32869,0.027525911,0.116122656
32870,0.054092083,0.5546926
32871,0.040972095,0.08654947
32872,0.30355206,0.6210115
32873,0.64009875,0.8204174
32874,0.0049549965,0.0645999
32875,0.027989913,0.009386088
32876,0.8102389,0.8135067
32877,0.0017642161,0.026081238
32878,0.053112254,0.24273197
32879,0.0109401345,0.024473159
32880,0.6058856,0.88461095
32881,0.1243953,0.47607946
32882,0.050319538,0.16308554
32883,0.3312916,0.7283864
32884,0.09641,0.22580776
32885,0.1489616,0.49847955
32886,0.0067407773,0.16076538
32887,0.104699284,0.96822786
32888,0.16626453,0.10570558
32889,0.5033618,0.20918451
32890,0.008489043,0.37705207
32891,0.90603036,0.46704853
32892,0.6782516,0.62217665
32893,0.1372495,0.3886939
32894,0.14947532,0.065397404
32895,0.062140126,0.6540108
32896,0.105062984,0.26405692
32897,0.10985965,0.22268571
32898,0.14049427,0.7645597
32899,0.6622234,0.7422704
32900,0.32776475,0.96273094
32901,0.39977694,0.93008876
32902,0.018455263,0.07568154
32903,0.40409446,0.51895356
32904,0.008484083,0.029839598
32905,0.0027411922,0.041099027
32906,0.22825146,0.1135189
32907,0.94862443,0.7998255
32908,0.92965746,0.70303655
32909,0.38953304,0.34350413
32910,0.003889814,0.41213173
32911,0.26655978,0.27979746
32912,0.005656579,0.18586183
32913,0.15007171,0.790704
32914,0.43165314,0.8569621
32915,0.04669779,0.36519647
32916,0.009242592,0.5349496
32917,0.01746453,0.78133893
32918,0.5502034,0.883754
32919,0.9054047,0.26888797
32920,0.11331951,0.3059226
32921,0.6582775,0.17363647
32922,0.012180081,0.035193086
32923,0.13861927,0.950794
32924,0.8938185,0.9280685
32925,0.057230994,0.25930467
32926,0.013679354,0.13081978
32927,0.047695767,0.049728893
32928,0.13061829,0.12184503
32929,0.23942196,0.4699902
32930,0.3536226,0.32857615
32931,0.011774823,0.14148977
32932,0.09824911,0.39325827
32933,0.10517994,0.07741673
32934,0.09879008,0.2488167
32935,0.03678253,0.13089675
32936,0.66944927,0.3166038
32937,0.90974206,0.8788225
32938,0.007995566,0.0717927
32939,0.016146341,0.10211314
32940,0.18292153,0.5042511
32941,0.07236768,0.27404103
32942,0.0061158934,0.23178948
32943,0.040347368,0.19644153
32944,0.16181548,0.86352944
32945,0.051301315,0.25760427
32946,0.036953203,0.32395828
32947,0.0720499,0.07483321
32948,0.3340445,0.685486
32949,0.058042392,0.06706027
32950,0.040023807,0.88664615
32951,0.42426717,0.10608793
32952,0.97207785,0.88159895
32953,0.07001388,0.84454066
32954,0.0827964,0.5853342
32955,0.034041584,0.6951515
32956,0.5701887,0.75477886
32957,0.017307207,0.19712293
32958,0.10826337,0.38287744
32959,0.048752464,0.03904237
32960,0.009900835,0.86604834
32961,0.30294257,0.6337201
32962,0.010960864,0.014956363
32963,0.29332936,0.67563885
32964,0.067126125,0.5538952
32965,0.06509659,0.2747576
32966,0.05796263,0.97775537
32967,0.10477444,0.67643267
32968,0.03436001,0.206618
32969,0.032194085,0.37470034
32970,0.006729603,0.5267199
32971,0.0047272765,0.049452808
32972,0.053027727,0.519781
32973,0.7211343,0.87214744
32974,0.019751908,0.07219457
32975,0.7132926,0.7637855
32976,0.023270324,0.3874844
32977,0.014258236,0.11088291
32978,0.054407768,0.56285536
32979,0.015678903,0.9120012
32980,0.28026322,0.17919537
32981,0.023285573,0.023019219
32982,0.03277478,0.6555242
32983,0.96299034,0.8533541
32984,0.21456037,0.74602973
32985,0.077087484,0.32092434
32986,0.010369517,0.43443492
32987,0.6850205,0.94397855
32988,0.039410423,0.17542785
32989,0.023617165,0.09462717
32990,0.8572396,0.8670523
32991,0.001604948,0.034640327
32992,0.8655629,0.6152938
32993,0.033605617,0.06732095
32994,0.011529905,0.18975687
32995,0.160216,0.7028796
32996,0.50936085,0.84338665
32997,0.028010169,0.062263582
32998,0.16177225,0.06389411
32999,0.018333586,0.24593423
33000,0.009972011,0.08608263
33001,0.065370694,0.6358779
33002,0.10695394,0.858848
33003,0.008414171,0.8013724
33004,0.0042373235,0.37478697
33005,0.31867936,0.20966814
33006,0.8368425,0.73871446
33007,0.0501581,0.060409497
33008,0.020457476,0.11085466
33009,0.8241964,0.19914833
33010,0.0458986,0.4158384
33011,0.040566757,0.8143859
33012,0.05699044,0.11669105
33013,0.08313548,0.90056556
33014,0.10709139,0.9911033
33015,0.0038566568,0.1090965
33016,0.01488659,0.40368554
33017,0.9044374,0.8318931
33018,0.031380393,0.8533961
33019,0.95292866,0.9457814
33020,0.09005115,0.0506062
33021,0.009563545,0.062235415
33022,0.12522691,0.32699832
33023,0.0007789058,0.030290645
33024,0.24023907,0.8864508
33025,0.61355275,0.92535424
33026,0.86138815,0.98793554
33027,0.29726583,0.97217846
33028,0.030952804,0.56661016
33029,0.19337226,0.9154411
33030,0.011410349,0.23557669
33031,0.14730304,0.768004
33032,0.60820013,0.9483193
33033,0.053367626,0.96440923
33034,0.0027446174,0.19091274
33035,0.0074735633,0.025206331
33036,0.02163875,0.8700044
33037,0.14001887,0.49582186
33038,0.12089377,0.29764745
33039,0.11379642,0.37467495
33040,0.53854734,0.8637183
33041,0.02353283,0.25072035
33042,0.03363368,0.07321391
33043,0.005658237,0.010136285
33044,0.024195284,0.0973075
33045,0.008039251,0.028958818
33046,0.14978632,0.28001142
33047,0.02225761,0.39196667
33048,0.98637044,0.96780425
33049,0.008949286,0.21337132
33050,0.14998618,0.69693744
33051,0.0067245117,0.032594685
33052,0.9646316,0.937604
33053,0.009059827,0.6321671
33054,0.064722545,0.078986675
33055,0.009358529,0.64464027
33056,0.3870347,0.9016998
33057,0.0011977678,0.061462454
33058,0.33918932,0.5994737
33059,0.043712195,0.08345704
33060,0.2569998,0.91583496
33061,0.010528868,0.0091967825
33062,0.026903221,0.5086094
33063,0.0022024927,0.024657499
33064,0.070846975,0.060965244
33065,0.9307362,0.5481213
33066,0.24943605,0.1583106
33067,0.020478146,0.16719352
33068,0.02762858,0.027150672
33069,0.013787179,0.07600709
33070,0.037449885,0.5789535
33071,0.07584494,0.9568813
33072,0.1269594,0.9747764
33073,0.0847911,0.51430964
33074,0.45875517,0.7958203
33075,0.21536908,0.23177604
33076,0.12632589,0.11148396
33077,0.24053985,0.90949
33078,0.3022949,0.9424209
33079,0.0017298482,0.04484295
33080,0.10607016,0.16872568
33081,0.009670837,0.16257542
33082,0.67957157,0.9234551
33083,0.97011584,0.93023336
33084,0.19921052,0.5144791
33085,0.19250122,0.58960146
33086,0.08333034,0.6914737
33087,0.0069716414,0.1219934
33088,0.035124794,0.2758198
33089,0.013584705,0.8018582
33090,0.0079922695,0.08611329
33091,0.5215904,0.8728226
33092,0.034825444,0.05237868
33093,0.22671473,0.13207397
33094,0.2509939,0.8958527
33095,0.56711566,0.79678035
33096,0.03007317,0.051465314
33097,0.017535014,0.64698833
33098,0.732316,0.52644753
33099,0.025857924,0.25355953
33100,0.032050885,0.12290345
33101,0.020310326,0.037556265
33102,0.8725913,0.9534354
33103,0.036017146,0.6579126
33104,0.20254335,0.62980515
33105,0.1855542,0.039450426
33106,0.567653,0.57379997
33107,0.018291274,0.20870793
33108,0.002863257,0.10115554
33109,0.1432897,0.7855562
33110,0.002678726,0.017220877
33111,0.008169788,0.0191508
33112,0.05535279,0.7977901
33113,0.053058278,0.9474679
33114,0.5997488,0.5975421
33115,0.46499693,0.6207256
33116,0.0020144659,0.01703792
33117,0.2007164,0.9536586
33118,0.17227155,0.34466454
33119,0.70320743,0.63539106
33120,0.13822421,0.020685831
33121,0.36808977,0.8262594
33122,0.18445602,0.9290033
33123,0.027880102,0.4315031
33124,0.012904119,0.02096268
33125,0.8363733,0.9254905
33126,0.04641862,0.70079166
33127,0.5148252,0.49489284
33128,0.017022323,0.22733866
33129,0.09514427,0.8725206
33130,0.020895895,0.36358273
33131,0.2594751,0.8787449
33132,0.533513,0.8889962
33133,0.31684223,0.93312746
33134,0.011828482,0.07570972
33135,0.05591661,0.4209505
33136,0.9461907,0.83578736
33137,0.011459005,0.18854152
33138,0.0065322956,0.5246421
33139,0.16256392,0.9431449
33140,0.0058754287,0.027636511
33141,0.1848633,0.1612123
33142,0.0072224517,0.13688536
33143,0.07770723,0.22176075
33144,0.55669016,0.30109546
33145,0.060968343,0.97817403
33146,0.045252804,0.108699635
33147,0.005765424,0.005166474
33148,0.78972715,0.8863038
33149,0.08351315,0.30370745
33150,0.03687536,0.87338257
33151,0.041596595,0.5653709
33152,0.1160401,0.8096789
33153,0.33013794,0.4953323
33154,0.023968972,0.97551495
33155,0.13380179,0.11873413
33156,0.005810099,0.016976029
33157,0.1349928,0.9453743
33158,0.04391721,0.120438665
33159,0.023242163,0.139487
33160,0.21651924,0.37316543
33161,0.0004918184,0.05918457
33162,0.0060225683,0.008268743
33163,0.004150755,0.06951216
33164,0.02028495,0.68788946
33165,0.2852713,0.9091349
33166,0.021035839,0.5225083
33167,0.16665186,0.18607867
33168,0.008070267,0.18714266
33169,0.29590666,0.6689362
33170,0.17213544,0.908223
33171,0.3294909,0.51193875
33172,0.14663261,0.7085583
33173,0.30152747,0.85307246
33174,0.0036404463,0.013678679
33175,0.0115346825,0.17073892
33176,0.010771802,0.33959043
33177,0.029453969,0.93636525
33178,0.29631442,0.70755285
33179,0.013982021,0.030527374
33180,0.00075204455,0.04737575
33181,0.13443114,0.51262784
33182,0.00705883,0.11056838
33183,0.12336638,0.8015706
33184,0.021709943,0.42233574
33185,0.039680462,0.2486769
33186,0.017394189,0.9423549
33187,0.09268349,0.81059885
33188,0.047880612,0.95832884
33189,0.0013202985,0.03857971
33190,0.021597164,0.071409985
33191,0.08204735,0.02759107
33192,0.014492072,0.042404003
33193,0.45209712,0.61297786
33194,0.15273237,0.9769793
33195,0.09399573,0.60418206
33196,0.02081635,0.033708088
33197,0.3050973,0.7310966
33198,0.25752997,0.64946204
33199,0.050976805,0.5246499
33200,0.09907492,0.42036352
33201,0.92583585,0.47869444
33202,0.010431561,0.13476323
33203,0.5758147,0.7243978
33204,0.16165537,0.65282184
33205,0.041294068,0.104723416
33206,0.24542601,0.8486443
33207,0.06655797,0.11299328
33208,0.6985499,0.5968243
33209,0.0016526498,0.23470962
33210,0.55363303,0.88895315
33211,0.019092139,0.030960554
33212,0.02050149,0.12266956
33213,0.73505116,0.6741844
33214,0.0044319765,0.02548104
33215,0.05411136,0.015705949
33216,0.027781034,0.36651495
33217,0.31650338,0.8612601
33218,0.109428525,0.9401783
33219,0.009916609,0.032089308
33220,0.52632964,0.85286146
33221,0.7249325,0.8980326
33222,0.22005808,0.5950036
33223,0.46525618,0.39774457
33224,0.082025915,0.41196802
33225,0.42009553,0.69472694
33226,0.006116059,0.18969725
33227,0.005615532,0.03743522
33228,0.33526415,0.21666382
33229,0.08210922,0.9264068
33230,0.0036413008,0.019219188
33231,0.0139387585,0.15249841
33232,0.00060881296,0.048165817
33233,0.6426935,0.2931834
33234,0.28503385,0.4994118
33235,0.19487868,0.56319505
33236,0.44802374,0.4481957
33237,0.0074197254,0.08325093
33238,0.0027403997,0.11442915
33239,0.10447861,0.31616697
33240,0.35339245,0.66684955
33241,0.059598256,0.2796813
33242,0.18568736,0.8583351
33243,0.32397777,0.709433
33244,0.7774362,0.9017836
33245,0.65558064,0.72597957
33246,0.9862489,0.97742164
33247,0.01337247,0.048219226
33248,0.086284,0.80566204
33249,0.13215773,0.061448608
33250,0.4584461,0.29328534
33251,0.02842402,0.029295705
33252,0.62458235,0.91237396
33253,0.86015636,0.94110286
33254,0.0138796875,0.9223368
33255,0.50313395,0.95768577
33256,0.032275528,0.0656442
33257,0.025140984,0.025676563
33258,0.13510704,0.18216737
33259,0.53431267,0.81215394
33260,0.60946524,0.29965013
33261,0.11283553,0.3699525
33262,0.92674446,0.9011895
33263,0.0039534615,0.02310323
33264,0.043665167,0.98654956
33265,0.573703,0.8505145
33266,0.00691756,0.025961516
33267,0.06499088,0.4241767
33268,0.31583595,0.3488464
33269,0.027451577,0.9232066
33270,0.07022308,0.24814455
33271,0.11588434,0.8849978
33272,0.3170372,0.98533994
33273,0.06416513,0.8765997
33274,0.02520877,0.0550889
33275,0.85486305,0.93727654
33276,0.48619545,0.81701773
33277,0.0032115895,0.17168072
33278,0.01628859,0.17001387
33279,0.76912594,0.4711707
33280,0.8332855,0.978307
33281,0.0011958743,0.025215102
33282,0.30174822,0.8556345
33283,0.55252916,0.9621984
33284,0.020565579,0.1726661
33285,0.47315967,0.7170775
33286,0.04620516,0.69458795
33287,0.02862958,0.8430894
33288,0.006245046,0.033003323
33289,0.05176103,0.2705089
33290,0.2015069,0.606988
33291,0.022348251,0.071407184
33292,0.0026679528,0.29967028
33293,0.03231334,0.49165374
33294,0.042408638,0.15215096
33295,0.07719966,0.14198136
33296,0.10284512,0.8540886
33297,0.118789576,0.076017454
33298,0.03333041,0.046222407
33299,0.09400456,0.19446765
33300,0.08428772,0.88800126
33301,0.09021309,0.9043085
33302,0.23620944,0.8154302
33303,0.7746123,0.9262327
33304,0.07879824,0.5210379
33305,0.6314283,0.13355254
33306,0.0031678623,0.0077079795
33307,0.027032029,0.075354956
33308,0.051375445,0.2836712
33309,0.44427398,0.63268375
33310,0.033428416,0.0348959
33311,0.04221455,0.49711207
33312,0.015305032,0.10998828
33313,0.076174445,0.36831474
33314,0.19208962,0.30382988
33315,0.05046702,0.091365695
33316,0.019961836,0.07941637
33317,0.041362148,0.5298993
33318,0.019986637,0.905394
33319,0.009071375,0.26607794
33320,0.032245733,0.19190754
33321,0.016750121,0.10171154
33322,0.45269945,0.17331079
33323,0.0153007135,0.46749246
33324,0.07992421,0.5520567
33325,0.2035808,0.13995628
33326,0.013017543,0.19774668
33327,0.02144485,0.042857926
33328,0.18820432,0.4904418
33329,0.07235019,0.15045774
33330,0.058404986,0.38204837
33331,0.1311442,0.3687128
33332,0.19028777,0.6030416
33333,0.015002765,0.01866579
33334,0.010213146,0.25538957
33335,0.9487742,0.8686915
33336,0.022562759,0.56044495
33337,0.20195012,0.75500184
33338,0.0059405398,0.1223514
33339,0.010769083,0.077505805
33340,0.34039816,0.21430913
33341,0.16053313,0.16049668
33342,0.95542616,0.84305185
33343,0.15997747,0.96763736
33344,0.8672651,0.83184904
33345,0.10959763,0.18780719
33346,0.047335144,0.82351243
33347,0.8771669,0.5126864
33348,0.5674689,0.6569707
33349,0.17217949,0.28241777
33350,0.115546815,0.2950892
33351,0.117495775,0.72189265
33352,0.033250988,0.3301441
33353,0.18188253,0.25020617
33354,0.8360564,0.94524425
33355,0.9315851,0.9105094
33356,0.018255346,0.45587635
33357,0.9718926,0.8763756
33358,0.14171252,0.51594806
33359,0.057072498,0.9542837
33360,0.01069958,0.009551632
33361,0.5969438,0.43544078
33362,0.025377361,0.07559335
33363,0.022080125,0.9819727
33364,0.15777265,0.6423026
33365,0.6142496,0.7855158
33366,0.033072855,0.81674856
33367,0.039275285,0.8011896
33368,0.087258704,0.5071096
33369,0.04843896,0.85758513
33370,0.119366966,0.4697375
33371,0.98553824,0.9930288
33372,0.077370584,0.9535595
33373,0.28529865,0.44253582
33374,0.011537983,0.07018496
33375,0.00405563,0.039650057
33376,0.003922261,0.10872329
33377,0.007458734,0.7801583
33378,0.25455037,0.52139074
33379,0.5150504,0.91650057
33380,0.21431145,0.8916524
33381,0.034321785,0.83073217
33382,0.32279614,0.28489184
33383,0.033138074,0.29652417
33384,0.0280547,0.5308392
33385,0.06579417,0.5782121
33386,0.08281871,0.050883055
33387,0.0068745357,0.016425228
33388,0.027450498,0.5784038
33389,0.018889707,0.48001403
33390,0.099116385,0.95346075
33391,0.26994875,0.30320618
33392,0.29716915,0.9427989
33393,0.42489195,0.70402324
33394,0.019289581,0.15561576
33395,0.6238297,0.21227305
33396,0.08575944,0.07612587
33397,0.17050159,0.0293878
33398,0.26956132,0.08682465
33399,0.08538043,0.28286713
33400,0.18998787,0.955074
33401,0.005047078,0.013624046
33402,0.905181,0.91169345
33403,0.026210615,0.15637258
33404,0.0008590913,0.0195265
33405,0.17751153,0.5700354
33406,0.18056004,0.6745566
33407,0.3533932,0.5663889
33408,0.117071465,0.30960706
33409,0.043258958,0.20499139
33410,0.030385189,0.2074373
33411,0.048328977,0.040106338
33412,0.83655185,0.7602444
33413,0.033837892,0.3890369
33414,0.53821075,0.9669415
33415,0.04629249,0.27440545
33416,0.031844888,0.09352545
33417,0.90171015,0.42294827
33418,0.0025879275,0.1424454
33419,0.77177936,0.92376566
33420,0.26466572,0.18084158
33421,0.12492728,0.97209394
33422,0.07866346,0.9690272
33423,0.0060380795,0.031197643
33424,0.060561858,0.1518033
33425,0.014077373,0.18608215
33426,0.081693776,0.20617299
33427,0.16410209,0.777453
33428,0.020263229,0.13288154
33429,0.07119847,0.8666682
33430,0.73994064,0.4196483
33431,0.6258699,0.92447716
33432,0.0298145,0.67358243
33433,0.9822942,0.99101514
33434,0.06837879,0.9435672
33435,0.9406222,0.8304151
33436,0.055774238,0.044391293
33437,0.2085006,0.62291175
33438,0.13316678,0.081791796
33439,0.10426134,0.17528333
33440,0.026369158,0.4258962
33441,0.1696085,0.34445283
33442,0.13241835,0.891361
33443,0.021390213,0.094388545
33444,0.033973876,0.523581
33445,0.18578868,0.23587215
33446,0.9718748,0.9765777
33447,0.2701355,0.849596
33448,0.043262653,0.92394483
33449,0.026344955,0.1414408
33450,0.1670653,0.5427332
33451,0.044770714,0.3417132
33452,0.013031242,0.7255494
33453,0.59417397,0.52774733
33454,0.88442475,0.9374121
33455,0.026056286,0.922103
33456,0.02584822,0.36097515
33457,0.18714525,0.75328887
33458,0.44284138,0.568457
33459,0.29160947,0.3705375
33460,0.033679973,0.1423757
33461,0.04364949,0.8137257
33462,0.09434392,0.68029463
33463,0.049792804,0.06728051
33464,0.010194758,0.48192877
33465,0.03713554,0.77157336
33466,0.46622396,0.62022024
33467,0.9413856,0.87064105
33468,0.08556708,0.69343764
33469,0.04575341,0.96136296
33470,0.027952567,0.052481435
33471,0.009337951,0.06620433
33472,0.30624405,0.8145205
33473,0.60558176,0.8953651
33474,0.050466437,0.56155103
33475,0.07819735,0.31091657
33476,0.016607821,0.09870603
33477,0.9082989,0.17730637
33478,0.15913366,0.66678226
33479,0.020613156,0.764266
33480,0.0070987707,0.07043154
33481,0.0903729,0.9533587
33482,0.014771925,0.14696471
33483,0.009245413,0.0687454
33484,0.014584695,0.0742141
33485,0.00929072,0.2691073
33486,0.44851202,0.68521786
33487,0.007760404,0.079023086
33488,0.18377605,0.85907644
33489,0.10378526,0.16847059
33490,0.75080776,0.8120996
33491,0.1800601,0.77206826
33492,0.18850523,0.4540365
33493,0.44917667,0.8764032
33494,0.9596696,0.9926596
33495,0.07163926,0.23823573
33496,0.18652911,0.7128262
33497,0.1312369,0.6088099
33498,0.07598457,0.15174887
33499,0.008575697,0.67178416
33500,0.123748355,0.14430632
33501,0.05224335,0.07920556
33502,0.008013305,0.059642784
33503,0.35556605,0.13277386
33504,0.0006437758,0.0057888385
33505,0.09689841,0.21105258
33506,0.036498845,0.12085173
33507,0.24300817,0.55239075
33508,0.3849814,0.5760925
33509,0.29755375,0.38251805
33510,0.7189027,0.71532977
33511,0.4130711,0.93188095
33512,0.051373072,0.89488643
33513,0.014009178,0.36072108
33514,0.023564408,0.83537567
33515,0.26953655,0.9603704
33516,0.026467623,0.22347072
33517,0.049085833,0.80387604
33518,0.028091565,0.6965291
33519,0.31287998,0.27064267
33520,0.040800568,0.6771427
33521,0.11462187,0.06130129
33522,0.08504505,0.059122894
33523,0.031466696,0.09902324
33524,0.17976047,0.26478612
33525,0.009372637,0.09136514
33526,0.22935438,0.6767396
33527,0.7180469,0.94860524
33528,0.059039913,0.8312518
33529,0.9636313,0.94669324
33530,0.09639054,0.3346103
33531,0.17151636,0.16901563
33532,0.0033275886,0.1896924
33533,0.026919292,0.009587753
33534,0.03786132,0.04260191
33535,0.03769704,0.2656948
33536,0.017178237,0.7262356
33537,0.35694435,0.7853779
33538,0.06322588,0.028932836
33539,0.04600763,0.18467589
33540,0.022475254,0.17893878
33541,0.13729213,0.30311775
33542,0.020669566,0.09938277
33543,0.14086407,0.06556099
33544,0.020370338,0.08078171
33545,0.33286068,0.6543413
33546,0.1558065,0.9454811
33547,0.057129614,0.34496117
33548,0.14493531,0.21023001
33549,0.00975974,0.02973556
33550,0.036680315,0.75212455
33551,0.006109633,0.8437797
33552,0.5266147,0.9730259
33553,0.03017801,0.029242177
33554,0.01620313,0.34126195
33555,0.29514804,0.26723126
33556,0.041516498,0.5958825
33557,0.38491344,0.9102152
33558,0.26963425,0.18332723
33559,0.04370729,0.5127429
33560,0.225736,0.5662893
33561,0.026378097,0.29206318
33562,0.045807462,0.61792964
33563,0.010732413,0.2956729
33564,0.014260857,0.7366923
33565,0.21484314,0.19901283
33566,0.3183536,0.76236975
33567,0.09586232,0.23592097
33568,0.0054128296,0.084333956
33569,0.22508647,0.6967425
33570,0.30308986,0.975295
33571,0.62121475,0.24359497
33572,0.018092299,0.43086106
33573,0.008420061,0.022083204
33574,0.04502559,0.14284113
33575,0.44049254,0.68711245
33576,0.7092112,0.84742224
33577,0.15563695,0.22170967
33578,0.031708565,0.093552776
33579,0.0058038277,0.19591999
33580,0.008809847,0.3618123
33581,0.05664752,0.9109029
33582,0.07934176,0.48050004
33583,0.22176708,0.20156714
33584,0.35874456,0.7968955
33585,0.6195913,0.81035
33586,0.0148705905,0.124007404
33587,0.034292147,0.38082469
33588,0.004535369,0.018779198
33589,0.004762359,0.10000878
33590,0.032561373,0.2973959
33591,0.34812713,0.5016902
33592,0.0055822246,0.14445865
33593,0.2451827,0.34100497
33594,0.35054272,0.22864933
33595,0.036675707,0.6998046
33596,0.02476379,0.75027174
33597,0.43080768,0.6857884
33598,0.9504962,0.9764257
33599,0.029524785,0.6750979
33600,0.04169842,0.047556944
33601,0.3745967,0.6170073
33602,0.60352206,0.90196836
33603,0.025097394,0.7459534
33604,0.7059336,0.8237721
33605,0.07906988,0.08803279
33606,0.30536523,0.5541359
33607,0.94332904,0.93574256
33608,0.022153791,0.15178484
33609,0.27416047,0.9324513
33610,0.014534903,0.7022905
33611,0.64020836,0.09918172
33612,0.431044,0.75230265
33613,0.7775669,0.40404454
33614,0.80415606,0.31008723
33615,0.024209436,0.31606314
33616,0.7583586,0.8090055
33617,0.10450606,0.19233166
33618,0.22786462,0.93659335
33619,0.07813099,0.78782016
33620,0.00965752,0.0071094525
33621,0.066162966,0.74854577
33622,0.5925848,0.9744502
33623,0.07984366,0.6564678
33624,0.015037797,0.09698504
33625,0.004557567,0.22692874
33626,0.52422196,0.58544344
33627,0.23203987,0.52384
33628,0.04616443,0.89154106
33629,0.123555295,0.2093046
33630,0.07671722,0.9240288
33631,0.010459789,0.5245121
33632,0.022274729,0.13027672
33633,0.15014753,0.09676995
33634,0.35961747,0.18358162
33635,0.5655066,0.82536954
33636,0.035476845,0.5690271
33637,0.45867354,0.93457973
33638,0.008941085,0.25109684
33639,0.024406973,0.8257079
33640,0.8727235,0.6801823
33641,0.031744856,0.09678563
33642,0.010700055,0.15620826
33643,0.01676575,0.07529717
33644,0.9732443,0.8773709
33645,0.2903881,0.9690442
33646,0.009865704,0.20258717
33647,0.40891415,0.24787179
33648,0.6184425,0.9646723
33649,0.10423403,0.24805175
33650,0.83010453,0.16595164
33651,0.27423766,0.75672245
33652,0.002044993,0.03596066
33653,0.086770505,0.19460341
33654,0.08414218,0.7794329
33655,0.01456283,0.06955899
33656,0.010245913,0.023035366
33657,0.096978985,0.22601894
33658,0.92407876,0.9349114
33659,0.31025445,0.10773631
33660,0.09838905,0.6292185
33661,0.10798807,0.956638
33662,0.91751695,0.8770879
33663,0.0061598923,0.12668791
33664,0.07924419,0.10242645
33665,0.04050467,0.6889165
33666,0.0036593233,0.27651563
33667,0.0052256924,0.60771006
33668,0.3426897,0.6663907
33669,0.3717177,0.6711788
33670,0.027032191,0.47924814
33671,0.027583472,0.9408316
33672,0.14351086,0.87885034
33673,0.007435556,0.020898324
33674,0.0077887233,0.30800462
33675,0.053303458,0.8975949
33676,0.12603983,0.37991506
33677,0.1402437,0.2853766
33678,0.024089286,0.11717344
33679,0.028728465,0.31618202
33680,0.039405014,0.9014862
33681,0.34077474,0.8487654
33682,0.17693539,0.35634664
33683,0.010727226,0.016228698
33684,0.07707836,0.7046325
33685,0.05787604,0.6134124
33686,0.053691786,0.14458008
33687,0.7282597,0.8947898
33688,0.03648846,0.6393349
33689,0.49614388,0.76212853
33690,0.5607326,0.39425308
33691,0.03168018,0.0314104
33692,0.01245313,0.16498363
33693,0.19543499,0.68744624
33694,0.30870315,0.80149096
33695,0.037672173,0.43314713
33696,0.40347576,0.8725628
33697,0.027577884,0.5046054
33698,0.063673645,0.6321283
33699,0.57903385,0.50395954
33700,0.47847366,0.3811003
33701,0.0011349126,0.0998398
33702,0.010288233,0.95537937
33703,0.06780033,0.16953762
33704,0.003858141,0.13071087
33705,0.005595059,0.2883053
33706,0.35569835,0.835322
33707,0.009353884,0.08913775
33708,0.05183376,0.12619127
33709,0.014141161,0.1312847
33710,0.14751874,0.3549611
33711,0.027249282,0.55398035
33712,0.054728087,0.60523736
33713,0.23700412,0.5900744
33714,0.05643939,0.6790681
33715,0.015620008,0.89811695
33716,0.6544623,0.94093525
33717,0.13256551,0.31953672
33718,0.026875196,0.05241631
33719,0.07535682,0.2567014
33720,0.01034421,0.03956805
33721,0.031388547,0.15613814
33722,0.07169237,0.8421633
33723,0.51272005,0.85188997
33724,0.05712848,0.9800938
33725,0.04272064,0.75301164
33726,0.13704994,0.075526536
33727,0.031637345,0.13432285
33728,0.06479523,0.85345924
33729,0.016021214,0.10016678
33730,0.0076076295,0.031701926
33731,0.03182222,0.40001094
33732,0.024471968,0.230149
33733,0.012797922,0.18074736
33734,0.5515734,0.963975
33735,0.039085776,0.2454074
33736,0.009967159,0.16043843
33737,0.13929728,0.6903636
33738,0.85984635,0.74514484
33739,0.036118537,0.08898257
33740,0.025126211,0.87888485
33741,0.26838252,0.29870614
33742,0.0014621406,0.6965887
33743,0.049796917,0.98128766
33744,0.24990588,0.15923183
33745,0.19791992,0.51319605
33746,0.10409696,0.8879657
33747,0.23648508,0.15269114
33748,0.074432194,0.9616988
33749,0.9934983,0.9911851
33750,0.66313964,0.9098675
33751,0.7832259,0.9191429
33752,0.76840764,0.62551326
33753,0.02661139,0.29565752
33754,0.3215048,0.9232552
33755,0.13360746,0.11927902
33756,0.24345751,0.15982373
33757,0.380927,0.2016601
33758,0.9394116,0.9791318
33759,0.0063703554,0.020037642
33760,0.004504209,0.34117842
33761,0.02868536,0.21444872
33762,0.14227918,0.3074132
33763,0.47274342,0.6694127
33764,0.088809565,0.14032565
33765,0.060598187,0.83818394
33766,0.0011130096,0.05363908
33767,0.015694778,0.25537264
33768,0.6843765,0.08869248
33769,0.08148079,0.35766265
33770,0.5720895,0.09767011
33771,0.21048361,0.11689149
33772,0.002598051,0.0340601
33773,0.14102344,0.84328127
33774,0.0030566817,0.05814496
33775,0.023516934,0.12193056
33776,0.38630554,0.53065664
33777,0.01717291,0.17123196
33778,0.030155966,0.4643638
33779,0.013139486,0.8224025
33780,0.023361858,0.26012728
33781,0.005556761,0.03200529
33782,0.021736508,0.096239224
33783,0.08422352,0.9199683
33784,0.044491176,0.11667299
33785,0.17324258,0.28852937
33786,0.04754294,0.4072106
33787,0.013537318,0.30865675
33788,0.019469293,0.79690194
33789,0.055262297,0.09586813
33790,0.013161659,0.0235171
33791,0.08391399,0.2424609
33792,0.005967172,0.031409394
33793,0.62575364,0.7993146
33794,0.013059422,0.029071968
33795,0.072591506,0.8649511
33796,0.49756575,0.33408308
33797,0.5061287,0.85425264
33798,0.061490756,0.9311052
33799,0.1461342,0.8795919
33800,0.052290775,0.26009718
33801,0.15027027,0.9429156
33802,0.032878313,0.058927733
33803,0.24247399,0.8962585
33804,0.10563197,0.17336239
33805,0.8439624,0.95352405
33806,0.003206584,0.022279542
33807,0.17461595,0.90148336
33808,0.05036864,0.16072142
33809,0.06566129,0.077110454
33810,0.9039754,0.8773389
33811,0.061243348,0.0675991
33812,0.03467763,0.008075586
33813,0.14230435,0.09390652
33814,0.032286186,0.08864191
33815,0.11129086,0.92109627
33816,0.018604387,0.3850265
33817,0.018839452,0.15449445
33818,0.59885,0.89008594
33819,0.42989445,0.7794169
33820,0.007421604,0.08496642
33821,0.6692407,0.98683363
33822,0.07247175,0.6815783
33823,0.036695685,0.047969993
33824,0.1461568,0.17737138
33825,0.3932356,0.6669174
33826,0.17735751,0.6437297
33827,0.32400393,0.5690242
33828,0.65161884,0.83992153
33829,0.12479987,0.77441126
33830,0.17390531,0.525853
33831,0.906524,0.9889023
33832,0.27872273,0.700779
33833,0.0062600262,0.6389994
33834,0.021276148,0.026565244
33835,0.008748779,0.16217992
33836,0.0020736863,0.08071037
33837,0.07198045,0.40172425
33838,0.0126668755,0.124678664
33839,0.3027174,0.30146262
33840,0.035533432,0.017064039
33841,0.8455652,0.8539093
33842,0.124507025,0.109393105
33843,0.13585384,0.1284298
33844,0.11737153,0.41458842
33845,0.25282827,0.7579742
33846,0.013127694,0.10982473
33847,0.4113099,0.42849663
33848,0.01802238,0.60666686
33849,0.16303353,0.047585268
33850,0.023684984,0.03656489
33851,0.01514698,0.57345265
33852,0.98134536,0.9664874
33853,0.06584583,0.7505424
33854,0.014963564,0.009769565
33855,0.8670306,0.96535647
33856,0.009216177,0.17534854
33857,0.045968845,0.82126784
33858,0.4224424,0.6328874
33859,0.08502249,0.4398169
33860,0.025659809,0.029080201
33861,0.13374037,0.30189675
33862,0.018362764,0.76106626
33863,0.028901525,0.102507055
33864,0.023843752,0.9172097
33865,0.036477186,0.10292583
33866,0.51759267,0.7253348
33867,0.671443,0.3900309
33868,0.011160504,0.61268914
33869,0.029301163,0.015226468
33870,0.05732017,0.29796207
33871,0.0057165786,0.90649384
33872,0.15944566,0.87136966
33873,0.020940296,0.05281017
33874,0.05755001,0.3743876
33875,0.980048,0.95730597
33876,0.006691374,0.02683309
33877,0.72632617,0.812446
33878,0.017825332,0.41529652
33879,0.010036561,0.05514557
33880,0.008022058,0.029906856
33881,0.008261227,0.05996745
33882,0.19523124,0.33892605
33883,0.22542517,0.67281395
33884,0.14746955,0.06583341
33885,0.07233375,0.8110089
33886,0.028691825,0.36014038
33887,0.020356901,0.5195337
33888,0.018415626,0.40888876
33889,0.19699323,0.75630033
33890,0.18887576,0.5028608
33891,0.1673672,0.972547
33892,0.21639526,0.9009228
33893,0.018431805,0.2448404
33894,0.8879921,0.9925971
33895,0.09476686,0.035805
33896,0.04894789,0.71941334
33897,0.06328568,0.25342405
33898,0.008554573,0.66361105
33899,0.22831418,0.07278967
33900,0.047831923,0.18025607
33901,0.02136685,0.06354906
33902,0.0149625875,0.86037445
33903,0.37905067,0.016969506
33904,0.48597208,0.97171134
33905,0.06542836,0.26490423
33906,0.51132905,0.67152596
33907,0.03776832,0.4805931
33908,0.042664688,0.03946877
33909,0.012240186,0.9543712
33910,0.8649205,0.94331425
33911,0.06771442,0.33197016
33912,0.028975617,0.0137796225
33913,0.7281548,0.8735265
33914,0.013685293,0.14503224
33915,0.5595303,0.8657243
33916,0.252292,0.70548874
33917,0.009627217,0.38882008
33918,0.44605535,0.20959213
33919,0.040107366,0.06830055
33920,0.94449735,0.6629225
33921,0.047624778,0.51961505
33922,0.15581477,0.41063508
33923,0.70194376,0.86988294
33924,0.033282716,0.5408718
33925,0.066111594,0.15632084
33926,0.026024928,0.66036856
33927,0.5948823,0.6947883
33928,0.008528922,0.0071315137
33929,0.003692409,0.020027578
33930,0.92323285,0.97319025
33931,0.42319408,0.8215774
33932,0.08243888,0.04956921
33933,0.6747192,0.4233773
33934,0.07390007,0.86993504
33935,0.17448841,0.48186257
33936,0.00971619,0.8083741
33937,0.37205675,0.56313896
33938,0.3514573,0.89044553
33939,0.89589596,0.92932314
33940,0.027305705,0.029219767
33941,0.0058468916,0.14428167
33942,0.0025990559,0.017360747
33943,0.23461723,0.5483695
33944,0.037102852,0.20949468
33945,0.030057546,0.92863643
33946,0.07476626,0.9446683
33947,0.02295345,0.33865562
33948,0.0031576063,0.14188543
33949,0.36953986,0.88003206
33950,0.004511848,0.069665246
33951,0.055357326,0.6551097
33952,0.0023045868,0.029168732
33953,0.042746123,0.6522468
33954,0.9156102,0.95712805
33955,0.5621749,0.8639154
33956,0.14496589,0.034450997
33957,0.066204995,0.19870906
33958,0.14509514,0.08304033
33959,0.034582417,0.59251386
33960,0.06401562,0.0630175
33961,0.0055800234,0.019133966
33962,0.79115444,0.9477609
33963,0.0007699277,0.017817503
33964,0.003968813,0.6068863
33965,0.8987491,0.94211376
33966,0.86847806,0.81143105
33967,0.35784107,0.51886094
33968,0.30252907,0.70994395
33969,0.15077636,0.84825224
33970,0.34800494,0.74767137
33971,0.16863714,0.45001417
33972,0.19544895,0.6704073
33973,0.0069661536,0.05028695
33974,0.008917134,0.053185385
33975,0.0022133484,0.06270903
33976,0.73304987,0.26482612
33977,0.20182408,0.32037878
33978,0.10050896,0.18235202
33979,0.10768064,0.15373223
33980,0.032941382,0.030225081
33981,0.07522009,0.799945
33982,0.14167361,0.5204466
33983,0.8917245,0.8938733
33984,0.16534486,0.13851242
33985,0.07847006,0.1610916
33986,0.009384926,0.055671833
33987,0.14068137,0.77921224
33988,0.48346362,0.6159859
33989,0.1064507,0.07405824
33990,0.15868545,0.95689285
33991,0.0027445545,0.008913295
33992,0.06090407,0.19257642
33993,0.011055867,0.022028068
33994,0.0021691476,0.25077656
33995,0.4944857,0.3430038
33996,0.14173111,0.8390788
33997,0.34324947,0.94136846
33998,0.5879124,0.41205356
33999,0.45981523,0.5190033
34000,0.13677469,0.9062847
34001,0.6522088,0.6316029
34002,0.0646883,0.9554677
34003,0.019617938,0.2008217
34004,0.9468732,0.9901598
34005,0.30378366,0.19084539
34006,0.097041786,0.05234989
34007,0.03346875,0.30473995
34008,0.062631905,0.7647512
34009,0.03517749,0.22646496
34010,0.16173697,0.23506711
34011,0.7203705,0.94195217
34012,0.02773957,0.13191257
34013,0.013871688,0.020058503
34014,0.32612082,0.90258676
34015,0.0033255636,0.023760697
34016,0.1796588,0.17948937
34017,0.009732114,0.37581936
34018,0.6234378,0.2667035
34019,0.15263602,0.43710724
34020,0.040314537,0.7821354
34021,0.052929267,0.10326923
34022,0.40036884,0.95560765
34023,0.68625677,0.9752559
34024,0.01928367,0.08946025
34025,0.042533472,0.4226286
34026,0.0504791,0.80655324
34027,0.019825792,0.2331056
34028,0.30314213,0.54906994
34029,0.052342586,0.9451335
34030,0.04031092,0.6587589
34031,0.021911735,0.85073054
34032,0.18763089,0.8696884
34033,0.5122428,0.6836766
34034,0.010097319,0.31476787
34035,0.06882972,0.77247435
34036,0.8883585,0.94164884
34037,0.5081437,0.9469209
34038,0.016528161,0.061060365
34039,0.044372827,0.90716517
34040,0.27889746,0.40812355
34041,0.24418396,0.66097903
34042,0.89529824,0.98349863
34043,0.95635307,0.98891723
34044,0.008488357,0.14082265
34045,0.017422328,0.06444773
34046,0.0024138223,0.13613741
34047,0.09557327,0.71469164
34048,0.14786825,0.5210005
34049,0.070524864,0.04944216
34050,0.101021744,0.08730475
34051,0.012229772,0.049011458
34052,0.18565376,0.20651773
34053,0.024794435,0.34627068
34054,0.18199277,0.0603614
34055,0.01902382,0.30688378
34056,0.018349469,0.9466795
34057,0.7692134,0.8195555
34058,0.0134275975,0.096440345
34059,0.63358927,0.8529143
34060,0.080493875,0.7573506
34061,0.18379375,0.22485739
34062,0.023870056,0.8749647
34063,0.45837533,0.30086714
34064,0.3907832,0.9046896
34065,0.102235995,0.30953306
34066,0.012072254,0.3484108
34067,0.7122971,0.83359545
34068,0.004173331,0.005108691
34069,0.5212354,0.26441076
34070,0.047593437,0.18286167
34071,0.15365647,0.9582934
34072,0.019059915,0.07256817
34073,0.7138516,0.070137374
34074,0.0489581,0.9353987
34075,0.20024046,0.6773594
34076,0.013446726,0.06829821
34077,0.87934554,0.98537177
34078,0.010388452,0.044139113
34079,0.33830371,0.5516092
34080,0.2491024,0.25120452
34081,0.46010223,0.87078536
34082,0.089126565,0.009535056
34083,0.1598417,0.55469644
34084,0.013926475,0.39055416
34085,0.11166532,0.9764807
34086,0.019163486,0.42441413
34087,0.4842568,0.80565345
34088,0.005407336,0.06863709
34089,0.068782434,0.43370125
34090,0.20751044,0.15690348
34091,0.108064175,0.806351
34092,0.14424354,0.43131405
34093,0.078969434,0.23928763
34094,0.1072869,0.5258147
34095,0.105909266,0.119259715
34096,0.0023946192,0.060642764
34097,0.58208716,0.91353595
34098,0.020915885,0.11081093
34099,0.39726368,0.14540851
34100,0.20204625,0.55415803
34101,0.053285807,0.13165289
34102,0.0022154008,0.044944927
34103,0.015036371,0.071441986
34104,0.024081128,0.032999296
34105,0.016674608,0.85129887
34106,0.3200705,0.3807914
34107,0.087076634,0.611657
34108,0.025008999,0.09369832
34109,0.041757766,0.1922111
34110,0.0016032411,0.05387949
34111,0.0008871403,0.022118509
34112,0.43427306,0.08878858
34113,0.8959886,0.62284154
34114,0.01743433,0.048990816
34115,0.10779267,0.67051524
34116,0.58224,0.60036147
34117,0.008276723,0.53786016
34118,0.01220968,0.17190018
34119,0.009938262,0.028175136
34120,0.010075195,0.016221596
34121,0.11182282,0.39369783
34122,0.8183806,0.96032774
34123,0.048624694,0.11058242
34124,0.1609445,0.5793517
34125,0.009014808,0.032528177
34126,0.030427646,0.2416483
34127,0.023522317,0.75474614
34128,0.056332823,0.52613854
34129,0.012388124,0.7187238
34130,0.7390974,0.92881155
34131,0.06800007,0.9850758
34132,0.06869164,0.1199
34133,0.013458067,0.51423126
34134,0.5529073,0.9247436
34135,0.30006355,0.7982452
34136,0.00718911,0.324103
34137,0.5111903,0.7253973
34138,0.14333284,0.12137201
34139,0.004596675,0.70916057
34140,0.1108662,0.38335544
34141,0.17591916,0.8619603
34142,0.43943834,0.70427686
34143,0.14505899,0.60071915
34144,0.8475612,0.88722515
34145,0.53351533,0.5491857
34146,0.5904339,0.8353134
34147,0.023570452,0.08211284
34148,0.038558174,0.7937669
34149,0.14750125,0.9183747
34150,0.102352105,0.9812557
34151,0.16192749,0.34265968
34152,0.011109171,0.8096473
34153,0.3493574,0.84897155
34154,0.013785786,0.11493796
34155,0.0106350565,0.11592508
34156,0.059738595,0.2491377
34157,0.13939588,0.19238357
34158,0.057147976,0.8555409
34159,0.8016447,0.9278078
34160,0.038252488,0.12510574
34161,0.09141475,0.41614395
34162,0.11028618,0.21213104
34163,0.027380088,0.45805222
34164,0.0109648295,0.19674185
34165,0.17074037,0.95246965
34166,0.20935762,0.60135317
34167,0.3163726,0.74358284
34168,0.24749719,0.16675042
34169,0.27294934,0.16284347
34170,0.38156763,0.42485735
34171,0.07843459,0.1431331
34172,0.07986551,0.29944932
34173,0.02236424,0.074903026
34174,0.015675688,0.2564496
34175,0.6361216,0.38586664
34176,0.01937748,0.05070129
34177,0.009461796,0.40767884
34178,0.15151186,0.10092034
34179,0.05377078,0.52364767
34180,0.011178879,0.05758742
34181,0.0760273,0.8632433
34182,0.25221828,0.47589183
34183,0.0033366834,0.010753196
34184,0.073349066,0.68576944
34185,0.019338489,0.08931199
34186,0.015387274,0.092812724
34187,0.029114923,0.8463211
34188,0.3089458,0.33626366
34189,0.093702294,0.95519537
34190,0.34781748,0.2581816
34191,0.053081725,0.8316081
34192,0.1672664,0.84739345
34193,0.2271502,0.7784066
34194,0.019412262,0.037761685
34195,0.6339766,0.9580041
34196,0.010048379,0.088411726
34197,0.82472163,0.82542926
34198,0.1153416,0.60965157
34199,0.088069186,0.96710545
34200,0.02651921,0.43752313
34201,0.27612472,0.8360335
34202,0.06157266,0.92685634
34203,0.29472566,0.08325947
34204,0.13885595,0.9471364
34205,0.78838575,0.95407933
34206,0.019587498,0.67227405
34207,0.12962079,0.19315815
34208,0.058381364,0.4378998
34209,0.122610256,0.4014651
34210,0.92474866,0.8367067
34211,0.24337013,0.45323572
34212,0.04306117,0.18791789
34213,0.05886861,0.9058557
34214,0.88165087,0.92440414
34215,0.08253435,0.13204215
34216,0.26368845,0.9873214
34217,0.04397191,0.8380592
34218,0.012782827,0.881973
34219,0.03996729,0.5197949
34220,0.47388467,0.9549187
34221,0.03686227,0.8963605
34222,0.92177725,0.9143615
34223,0.056243557,0.9732766
34224,0.0856292,0.6995025
34225,0.13583724,0.89018863
34226,0.0021885212,0.029550215
34227,0.0021231177,0.046445094
34228,0.06966523,0.08557415
34229,0.007357063,0.88547343
34230,0.106223315,0.45334265
34231,0.045888454,0.41344202
34232,0.042006243,0.9716656
34233,0.089500844,0.20913856
34234,0.73215306,0.92432123
34235,0.5069091,0.56811917
34236,0.034119975,0.12596399
34237,0.23654787,0.25753075
34238,0.0064592594,0.3357649
34239,0.17225534,0.74499506
34240,0.0016185605,0.19528542
34241,0.24796803,0.34423354
34242,0.058248527,0.13321784
34243,0.0060328557,0.09098524
34244,0.7463897,0.9658911
34245,0.7773548,0.9888123
34246,0.046233013,0.7989972
34247,0.008196108,0.06257051
34248,0.16765769,0.950852
34249,0.02051449,0.06939827
34250,0.46738046,0.60079056
34251,0.10043014,0.11059105
34252,0.9409487,0.9409446
34253,0.028910192,0.03034523
34254,0.23022176,0.7601245
34255,0.0078055155,0.13707907
34256,0.15607487,0.47839782
34257,0.09358711,0.2327683
34258,0.04252562,0.21749316
34259,0.0021776564,0.02851559
34260,0.18722114,0.14326029
34261,0.02021525,0.07633916
34262,0.8329631,0.93629074
34263,0.16287406,0.028709251
34264,0.021926135,0.14755757
34265,0.009722093,0.020035224
34266,0.09830797,0.12064049
34267,0.9969723,0.9779171
34268,0.0029369898,0.045964118
34269,0.009309688,0.19162428
34270,0.092016146,0.41574854
34271,0.0018007418,0.27048016
34272,0.034346722,0.008693844
34273,0.11773869,0.73621404
34274,0.042776793,0.2046031
34275,0.94047856,0.9702445
34276,0.8824229,0.87184787
34277,0.37094125,0.77647567
34278,0.25460187,0.31170714
34279,0.09468334,0.13934252
34280,0.044779453,0.019015461
34281,0.09698869,0.28500685
34282,0.6238966,0.8709597
34283,0.45045242,0.89853185
34284,0.048693955,0.19176327
34285,0.0012426772,0.1676314
34286,0.1159921,0.56160766
34287,0.075240776,0.21862021
34288,0.39415273,0.76828456
34289,0.029753052,0.18077748
34290,0.84882283,0.9542499
34291,0.045692585,0.7684165
34292,0.010394052,0.25443444
34293,0.079540595,0.2940031
34294,0.006122607,0.20283958
34295,0.09163149,0.10732111
34296,0.101526946,0.17656331
34297,0.8591447,0.92326
34298,0.009896064,0.56005913
34299,0.009992001,0.04296906
34300,0.11913148,0.054290015
34301,0.09257454,0.49050868
34302,0.48500568,0.7634929
34303,0.032424234,0.78365725
34304,0.0048255296,0.014068428
34305,0.0076707,0.16369085
34306,0.07813369,0.63119775
34307,0.112699695,0.058580875
34308,0.022306679,0.14042112
34309,0.011167795,0.1037918
34310,0.014904997,0.05180762
34311,0.009127423,0.14451326
34312,0.010652907,0.21277948
34313,0.8300242,0.7751495
34314,0.13915901,0.13682173
34315,0.06288606,0.095578894
34316,0.4605632,0.9109881
34317,0.009043048,0.96347237
34318,0.41154438,0.9694564
34319,0.2898889,0.69795823
34320,0.14847219,0.7810429
34321,0.024196697,0.8868279
34322,0.038553324,0.25405073
34323,0.16973172,0.13817619
34324,0.5827655,0.55819136
34325,0.056204405,0.29200745
34326,0.07089102,0.22500086
34327,0.8809121,0.89971966
34328,0.056675605,0.15684907
34329,0.007311315,0.76938325
34330,0.8856354,0.96000344
34331,0.16577338,0.089490965
34332,0.14701794,0.23273756
34333,0.042581923,0.15449241
34334,0.45011386,0.60597336
34335,0.01602026,0.033756875
34336,0.05475487,0.039062627
34337,0.28720808,0.17786203
34338,0.1629709,0.9284369
34339,0.032503158,0.1720542
34340,0.017295491,0.6863767
34341,0.10274981,0.49735883
34342,0.3933539,0.7954997
34343,0.066115685,0.08458149
34344,0.079895705,0.7774822
34345,0.0031510945,0.024142776
34346,0.019243797,0.07394172
34347,0.055114496,0.52053756
34348,0.039044052,0.94787526
34349,0.83286995,0.98137945
34350,0.13197449,0.29290876
34351,0.2317397,0.12895136
34352,0.38646814,0.46944213
34353,0.020646423,0.05561679
34354,0.41246438,0.47055203
34355,0.10773205,0.6240139
34356,0.39036602,0.15075591
34357,0.1922923,0.9820908
34358,0.026068542,0.57018626
34359,0.0015386994,0.037042685
34360,0.06472737,0.8503905
34361,0.025911925,0.38377684
34362,0.090281464,0.3342174
34363,0.7705679,0.8565538
34364,0.02934788,0.80691683
34365,0.8611702,0.9204555
34366,0.087192,0.7399893
34367,0.31343606,0.09152392
34368,0.21247849,0.24374928
34369,0.25798523,0.8028119
34370,0.08909026,0.42444265
34371,0.11967618,0.6143108
34372,0.0050831493,0.036735967
34373,0.08772421,0.46678212
34374,0.07783269,0.9133948
34375,0.017088642,0.25464422
34376,0.48631495,0.5558045
34377,0.037345413,0.86035556
34378,0.0267941,0.9697187
34379,0.09470096,0.6519679
34380,0.13918447,0.43628514
34381,0.053308617,0.73813194
34382,0.7424676,0.92570424
34383,0.04255387,0.19716763
34384,0.06929117,0.8439335
34385,0.028754229,0.9627269
34386,0.01749419,0.71342075
34387,0.020437267,0.042514756
34388,0.55505383,0.8263897
34389,0.64110065,0.58311635
34390,0.68935615,0.9602552
34391,0.15364115,0.4019071
34392,0.009104667,0.19967757
34393,0.036871236,0.86334383
34394,0.0031928807,0.020097146
34395,0.061313692,0.14069323
34396,0.018108215,0.3799989
34397,0.022303626,0.031567175
34398,0.1758806,0.80857325
34399,0.025568705,0.22811699
34400,0.98112845,0.9879303
34401,0.03812907,0.058670547
34402,0.0127718495,0.19040997
34403,0.056159902,0.44455382
34404,0.010536357,0.9021384
34405,0.032276787,0.20006041
34406,0.9662878,0.88392234
34407,0.44435036,0.3094298
34408,0.025418708,0.26003104
34409,0.008646753,0.29608938
34410,0.17194176,0.9066418
34411,0.20135765,0.19762449
34412,0.02752431,0.39298442
34413,0.005039309,0.06971134
34414,0.4155613,0.9165772
34415,0.016957777,0.17963113
34416,0.004872619,0.16202997
34417,0.012610478,0.5800304
34418,0.007644944,0.34587604
34419,0.010683805,0.18731321
34420,0.05856695,0.21816462
34421,0.049837098,0.5095935
34422,0.003966955,0.058165345
34423,0.032984007,0.55956644
34424,0.009003825,0.92327553
34425,0.006366294,0.0351526
34426,0.058013216,0.012202039
34427,0.9139753,0.9587712
34428,0.09745535,0.42197978
34429,0.084460154,0.55578953
34430,0.79993623,0.60386485
34431,0.015757367,0.7268648
34432,0.006627663,0.07936039
34433,0.41861728,0.8618093
34434,0.91014874,0.90001667
34435,0.5358593,0.9444447
34436,0.057330288,0.74037397
34437,0.009174442,0.01815839
34438,0.18629868,0.44653252
34439,0.065321304,0.050673984
34440,0.2246455,0.38462824
34441,0.009269656,0.119845435
34442,0.06773472,0.60560083
34443,0.03193168,0.24910948
34444,0.15914735,0.18400997
34445,0.01742343,0.017417617
34446,0.011030422,0.012493517
34447,0.1342427,0.7185907
34448,0.011503425,0.041607235
34449,0.02783657,0.31653032
34450,0.6347883,0.7451783
34451,0.042440817,0.31821752
34452,0.83188665,0.87916136
34453,0.05253239,0.62848413
34454,0.03312089,0.45131266
34455,0.07412227,0.20819889
34456,0.030252466,0.36054242
34457,0.2046734,0.88076496
34458,0.18992141,0.5545825
34459,0.2055558,0.3484761
34460,0.6981345,0.15051156
34461,0.18828706,0.18868637
34462,0.04315373,0.27967107
34463,0.35029572,0.6115052
34464,0.015272233,0.051555533
34465,0.021240676,0.030501304
34466,0.010599813,0.041675627
34467,0.7186721,0.9654247
34468,0.71870273,0.92874175
34469,0.009086213,0.4619221
34470,0.85250765,0.91511595
34471,0.0077818325,0.094631955
34472,0.8914657,0.9655838
34473,0.040766254,0.06927164
34474,0.005894717,0.7232152
34475,0.024193946,0.086745135
34476,0.38942707,0.7621986
34477,0.017645381,0.113025084
34478,0.0615393,0.80565363
34479,0.0042426586,0.02896773
34480,0.07990186,0.13524774
34481,0.5805958,0.8370938
34482,0.11439591,0.67727625
34483,0.6302177,0.79680496
34484,0.07582165,0.32269078
34485,0.0394587,0.79494154
34486,0.014479281,0.10996777
34487,0.019265402,0.0202721
34488,0.07605204,0.80887395
34489,0.03907149,0.11861479
34490,0.032833148,0.89390975
34491,0.06274612,0.905802
34492,0.0234727,0.11718056
34493,0.017137656,0.34517244
34494,0.09494394,0.6482533
34495,0.09928026,0.65621763
34496,0.25001538,0.19165154
34497,0.24514061,0.84954673
34498,0.08583411,0.17806476
34499,0.105640344,0.25635117
34500,0.053057596,0.88297176
34501,0.5534368,0.9304463
34502,0.011157679,0.018021284
34503,0.010934713,0.16802144
34504,0.0930923,0.104691155
34505,0.02959266,0.06501379
34506,0.033326782,0.06400933
34507,0.0061996025,0.02382748
34508,0.20392261,0.93481594
34509,0.54938424,0.40189084
34510,0.016567916,0.8428233
34511,0.04141455,0.039685264
34512,0.04232193,0.79461235
34513,0.36011142,0.80185366
34514,0.006464176,0.84411603
34515,0.058261894,0.39085415
34516,0.29281962,0.7416508
34517,0.31338498,0.26674446
34518,0.047964267,0.6847753
34519,0.05107967,0.12059154
34520,0.4228951,0.57405645
34521,0.05130198,0.78874266
34522,0.85104203,0.89289916
34523,0.08237353,0.073802926
34524,0.25417477,0.8150329
34525,0.014542105,0.034578472
34526,0.52160233,0.062552504
34527,0.070266195,0.15475845
34528,0.55567575,0.1304905
34529,0.38611892,0.7843299
34530,0.052509245,0.37483814
34531,0.029412273,0.20234561
34532,0.084875725,0.25392586
34533,0.06172369,0.8998729
34534,0.004316329,0.107443504
34535,0.1511082,0.1990408
34536,0.026589911,0.7466899
34537,0.001035357,0.111478865
34538,0.70883423,0.8312584
34539,0.054997556,0.109303944
34540,0.008642621,0.75425833
34541,0.30465233,0.6860166
34542,0.44870397,0.25818637
34543,0.087860346,0.4621736
34544,0.08673122,0.17167993
34545,0.7046982,0.95556206
34546,0.31957716,0.29365402
34547,0.060031556,0.9094163
34548,0.0098118875,0.5407544
34549,0.10671625,0.18888979
34550,0.0154564325,0.5681485
34551,0.5083766,0.7372161
34552,0.0037124008,0.015667427
34553,0.78386617,0.8377962
34554,0.06751557,0.070078224
34555,0.052519858,0.14214885
34556,0.023759874,0.5007454
34557,0.69152755,0.9536976
34558,0.024770299,0.83448774
34559,0.0014191855,0.019702088
34560,0.01230099,0.13758297
34561,0.03528231,0.12938668
34562,0.0051566036,0.055110376
34563,0.014748834,0.41658902
34564,0.17473838,0.9626524
34565,0.08478068,0.6101685
34566,0.020647112,0.9286636
34567,0.18693212,0.0371134
34568,0.030743942,0.120292336
34569,0.14170843,0.76018053
34570,0.58169496,0.89986056
34571,0.7456661,0.8637976
34572,0.37837252,0.5536074
34573,0.04010089,0.16114394
34574,0.11940505,0.4404203
34575,0.121376984,0.77734834
34576,0.56422526,0.34960526
34577,0.017470563,0.98050654
34578,0.32904446,0.8802446
34579,0.03288737,0.27030942
34580,0.026047513,0.09879986
34581,0.0003244835,0.014754405
34582,0.42005965,0.35812694
34583,0.08983436,0.98254263
34584,0.17779432,0.6915217
34585,0.012310708,0.097960345
34586,0.0013912255,0.010642113
34587,0.759627,0.69957376
34588,0.15665253,0.822529
34589,0.86471885,0.93438345
34590,0.969274,0.92625296
34591,0.09735151,0.13105467
34592,0.020623516,0.916304
34593,0.08321346,0.14714386
34594,0.08863338,0.15617192
34595,0.17304994,0.15780981
34596,0.7635329,0.67928123
34597,0.04446173,0.16344827
34598,0.050740276,0.08005166
34599,0.269749,0.6423838
34600,0.7030562,0.7856215
34601,0.06847919,0.46378893
34602,0.014440745,0.32040536
34603,0.08821435,0.12634143
34604,0.07893507,0.48186332
34605,0.12123356,0.6475331
34606,0.17334703,0.099322654
34607,0.03573625,0.7654474
34608,0.73931676,0.819639
34609,0.0035505649,0.24246082
34610,0.0019115609,0.09983451
34611,0.03740296,0.09941113
34612,0.15676297,0.043250863
34613,0.022713015,0.09250128
34614,0.21378389,0.6196601
34615,0.013322114,0.09441153
34616,0.56532514,0.72305816
34617,0.0003885905,0.001054897
34618,0.06089687,0.6774452
34619,0.0097473655,0.06454817
34620,0.10735602,0.39005458
34621,0.019988285,0.80998516
34622,0.09517367,0.14302231
34623,0.98948354,0.99622524
34624,0.20858753,0.6007936
34625,0.9795976,0.9688937
34626,0.7249852,0.7426997
34627,0.0057189236,0.10565317
34628,0.13574393,0.9342605
34629,0.06455804,0.092506886
34630,0.02491807,0.050761536
34631,0.051064778,0.9083809
34632,0.032262925,0.053774513
34633,0.3052335,0.42212263
34634,0.11547785,0.5232349
34635,0.08266599,0.15767357
34636,0.8934758,0.79337937
34637,0.03691573,0.095119484
34638,0.06493602,0.5167023
34639,0.002018766,0.13427255
34640,0.027117863,0.4449918
34641,0.01948946,0.11620266
34642,0.017973311,0.8437943
34643,0.8657439,0.9593773
34644,0.1058434,0.36904272
34645,0.12764677,0.1929097
34646,0.0348083,0.2005231
34647,0.94272244,0.68291265
34648,0.018381298,0.06193832
34649,0.0018155704,0.014158422
34650,0.69890344,0.6425045
34651,0.1277076,0.29403612
34652,0.23055911,0.4035402
34653,0.8937371,0.93690103
34654,0.29233032,0.9144091
34655,0.1001288,0.26698858
34656,0.15607108,0.2917587
34657,0.44451463,0.96277285
34658,0.019332252,0.8958202
34659,0.012699562,0.29889035
34660,0.03407593,0.7254025
34661,0.079235606,0.16650514
34662,0.11377162,0.66312355
34663,0.37959197,0.5307455
34664,0.40395474,0.94933933
34665,0.0018473732,0.33629143
34666,0.009727897,0.12066073
34667,0.03565641,0.082377695
34668,0.060231667,0.7516413
34669,0.06448424,0.5250045
34670,0.95572144,0.9289313
34671,0.04305658,0.85537434
34672,0.07259154,0.68917173
34673,0.68808854,0.7966214
34674,0.24166222,0.24352579
34675,0.77297384,0.9826601
34676,0.5405624,0.8775853
34677,0.10188337,0.14072336
34678,0.073635764,0.9875146
34679,0.4465735,0.73367304
34680,0.04546337,0.89139205
34681,0.0013967354,0.011356804
34682,0.90948427,0.7473278
34683,0.13391358,0.9096672
34684,0.028799921,0.015556911
34685,0.04644353,0.43277967
34686,0.0046109376,0.34026033
34687,0.4151658,0.5929102
34688,0.005272266,0.47778642
34689,0.1256456,0.15048425
34690,0.893098,0.6478312
34691,0.05928409,0.54467195
34692,0.5478207,0.8405237
34693,0.1316946,0.062268537
34694,0.012405971,0.4229165
34695,0.05279274,0.21485192
34696,0.069772765,0.9060647
34697,0.22699428,0.13259001
34698,0.16044168,0.42134622
34699,0.0063632205,0.22132166
34700,0.2835447,0.3723735
34701,0.017224832,0.18094541
34702,0.00348431,0.05067854
34703,0.026976913,0.028719539
34704,0.012254174,0.75227886
34705,0.16835928,0.97220886
34706,0.2141908,0.69244593
34707,0.0031789232,0.034067567
34708,0.027226813,0.37431294
34709,0.05166099,0.062855676
34710,0.046232823,0.009796834
34711,0.85920304,0.9655885
34712,0.95698196,0.7419223
34713,0.009671865,0.049684916
34714,0.019459182,0.106051356
34715,0.020320727,0.12785411
34716,0.8310972,0.8993845
34717,0.030794257,0.69012827
34718,0.23628643,0.22741295
34719,0.0085072685,0.63555473
34720,0.024217406,0.44255224
34721,0.005725171,0.07129377
34722,0.0012241581,0.1944133
34723,0.029019205,0.06625158
34724,0.88327,0.9130364
34725,0.7625718,0.85894066
34726,0.02557252,0.07456331
34727,0.034392126,0.9249711
34728,0.12574545,0.85693693
34729,0.8900156,0.9113756
34730,0.08750456,0.1020719
34731,0.045888733,0.031502645
34732,0.0070939925,0.15647925
34733,0.22951229,0.97587764
34734,0.027436176,0.5724329
34735,0.04188911,0.8686405
34736,0.010677365,0.92713785
34737,0.00782076,0.23517646
34738,0.014074051,0.012703347
34739,0.0008544864,0.042512167
34740,0.022480141,0.5672536
34741,0.0053451927,0.20879076
34742,0.25866088,0.8984793
34743,0.027599066,0.1724666
34744,0.0924221,0.24437441
34745,0.010700358,0.22411023
34746,0.046688292,0.41047722
34747,0.12041956,0.47265056
34748,0.6529003,0.9056662
34749,0.13960665,0.16058084
34750,0.095396794,0.8293254
34751,0.64469147,0.69540477
34752,0.20090106,0.7871473
34753,0.8654798,0.9454042
34754,0.07897703,0.14547342
34755,0.6632095,0.96651053
34756,0.5877405,0.678172
34757,0.06590153,0.3930442
34758,0.29346272,0.6087657
34759,0.18335022,0.66846174
34760,0.82458997,0.530113
34761,0.0050035925,0.011244052
34762,0.30020347,0.82678574
34763,0.70345986,0.91505367
34764,0.0045151114,0.019130774
34765,0.07761539,0.27374
34766,0.7001084,0.9231978
34767,0.2683438,0.6673714
34768,0.972354,0.8455481
34769,0.08274081,0.390772
34770,0.030551711,0.3923421
34771,0.04616443,0.87475085
34772,0.26073515,0.3873435
34773,0.05449797,0.8668999
34774,0.44662908,0.8690985
34775,0.24120389,0.21288592
34776,0.27948588,0.15581828
34777,0.027233006,0.033823766
34778,0.1818006,0.4144372
34779,0.24587333,0.46556005
34780,0.26791763,0.19267005
34781,0.05288797,0.9091714
34782,0.019780185,0.039356183
34783,0.058916774,0.32863718
34784,0.039001808,0.08948224
34785,0.09034979,0.31659743
34786,0.9638604,0.90528214
34787,0.013101108,0.62099636
34788,0.623876,0.90371424
34789,0.017917546,0.9245417
34790,0.34666213,0.40928042
34791,0.06439865,0.12424045
34792,0.016490642,0.07206801
34793,0.9287473,0.2926696
34794,0.0031592068,0.19480126
34795,0.02289983,0.25447524
34796,0.07952034,0.9664049
34797,0.053390857,0.34279034
34798,0.24516048,0.9454438
34799,0.9289719,0.8791608
34800,0.055075973,0.71898544
34801,0.053771883,0.19867401
34802,0.15504888,0.13591833
34803,0.77874726,0.94788104
34804,0.9238376,0.8572042
34805,0.049780272,0.036579397
34806,0.20640439,0.9138843
34807,0.008963897,0.74213153
34808,0.546533,0.38428247
34809,0.13282442,0.160093
34810,0.10089517,0.65876675
34811,0.015213304,0.7782536
34812,0.087779954,0.2784186
34813,0.008806895,0.13014156
34814,0.021713316,0.15287283
34815,0.8148503,0.76649565
34816,0.02786504,0.15459573
34817,0.26386154,0.06935722
34818,0.1004282,0.7137163
34819,0.012354852,0.045669604
34820,0.11852021,0.5233391
34821,0.008885626,0.031588156
34822,0.07930374,0.14336626
34823,0.062361266,0.09883853
34824,0.08289968,0.1272406
34825,0.026311303,0.11874526
34826,0.020912804,0.031665023
34827,0.36590597,0.8396005
34828,0.12753963,0.2131745
34829,0.86658907,0.9084018
34830,0.24456361,0.6561384
34831,0.43158185,0.8039187
34832,0.19672316,0.27352142
34833,0.012686619,0.17430913
34834,0.14345455,0.17690995
34835,0.06434543,0.77388734
34836,0.10417489,0.69431025
34837,0.06531279,0.18644556
34838,0.006653682,0.09675433
34839,0.00660252,0.31541803
34840,0.04967447,0.58693427
34841,0.018097302,0.086196914
34842,0.008507477,0.009794118
34843,0.09728976,0.07257331
34844,0.09934168,0.6086444
34845,0.020232206,0.06193281
34846,0.04478801,0.6460835
34847,0.70537794,0.970858
34848,0.0030761666,0.41026747
34849,0.18674912,0.9232179
34850,0.2842863,0.09994796
34851,0.13135819,0.76982766
34852,0.041790616,0.32996005
34853,0.019190371,0.10147024
34854,0.11495404,0.61278707
34855,0.074567065,0.51898634
34856,0.82517976,0.8789132
34857,0.00058221177,0.010649838
34858,0.09270715,0.15322547
34859,0.09929853,0.38354498
34860,0.63745046,0.8978393
34861,0.068072826,0.43516922
34862,0.42760962,0.043833934
34863,0.0012239988,0.00879541
34864,0.80321753,0.9695458
34865,0.8486155,0.95686686
34866,0.98101807,0.9718123
34867,0.023353582,0.08673654
34868,0.3524182,0.7372835
34869,0.03753997,0.65110666
34870,0.0045714118,0.072284035
34871,0.0062750564,0.18284693
34872,0.96860397,0.98777497
34873,0.06487193,0.20193964
34874,0.10422979,0.48163489
34875,0.4228642,0.77915275
34876,0.3257417,0.6008278
34877,0.38394722,0.79673004
34878,0.08555038,0.9080113
34879,0.024800854,0.1553457
34880,0.039381135,0.32545045
34881,0.9274987,0.86355644
34882,0.050271433,0.0949737
34883,0.008890145,0.14497371
34884,0.010026895,0.05153906
34885,0.95716023,0.9304537
34886,0.49617314,0.8386135
34887,0.03633123,0.10292379
34888,0.18099043,0.9464563
34889,0.15019503,0.061872937
34890,0.02562309,0.03365808
34891,0.024251334,0.055258516
34892,0.96566,0.98369306
34893,0.07572337,0.494481
34894,0.0036144708,0.13470787
34895,0.39555413,0.83915704
34896,0.002296573,0.58012205
34897,0.8863822,0.9781286
34898,0.15644221,0.93596584
34899,0.5064691,0.92699504
34900,0.31967336,0.89093953
34901,0.03658495,0.10997551
34902,0.007822581,0.04595773
34903,0.03451654,0.1109047
34904,0.02328289,0.07512785
34905,0.045281306,0.15928717
34906,0.07623163,0.43206948
34907,0.014600433,0.058953788
34908,0.006965665,0.14481425
34909,0.058257602,0.098374866
34910,0.27076578,0.27189532
34911,0.65250945,0.25318685
34912,0.048411876,0.10408253
34913,0.27027896,0.2810557
34914,0.032000758,0.9019057
34915,0.04200293,0.0821581
34916,0.06794323,0.8628716
34917,0.1127592,0.88444734
34918,0.24994166,0.43905154
34919,0.031358674,0.5382476
34920,0.95484245,0.904029
34921,0.11292152,0.8633426
34922,0.30814397,0.17971088
34923,0.071347594,0.3853954
34924,0.22939858,0.4034554
34925,0.010647442,0.041104794
34926,0.055097666,0.5146135
34927,0.024388025,0.94867957
34928,0.34389564,0.72487694
34929,0.018483257,0.40355557
34930,0.02862252,0.5567709
34931,0.006611586,0.25744435
34932,0.008379324,0.5835972
34933,0.23363577,0.46817282
34934,0.060552303,0.05407567
34935,0.040501114,0.91033673
34936,0.26592568,0.79710054
34937,0.03404788,0.03762414
34938,0.69401604,0.92086333
34939,0.07919493,0.20157783
34940,0.761627,0.9644519
34941,0.013314938,0.009808224
34942,0.74639046,0.83791506
34943,0.026646098,0.44496197
34944,0.028880907,0.016813694
34945,0.12455432,0.0229404
34946,0.593801,0.23419547
34947,0.14384726,0.09074251
34948,0.09916719,0.039752536
34949,0.028533429,0.061558925
34950,0.034285303,0.25362888
34951,0.17839462,0.5591005
34952,0.020513043,0.91900784
34953,0.17223161,0.8061783
34954,0.30919576,0.9922969
34955,0.023310745,0.13899295
34956,0.9240819,0.96427387
34957,0.80371183,0.8703785
34958,0.1146451,0.4684762
34959,0.07077945,0.16687807
34960,0.0846159,0.90429944
34961,0.07786524,0.82702255
34962,0.6255925,0.5365956
34963,0.03083587,0.74594194
34964,0.012239518,0.01857718
34965,0.02851879,0.34958598
34966,0.057045177,0.37284294
34967,0.008569116,0.14358243
34968,0.1275535,0.2422949
34969,0.017573038,0.31613567
34970,0.032287616,0.16761997
34971,0.20362732,0.51818043
34972,0.023228193,0.2793386
34973,0.15410015,0.035842437
34974,0.20169345,0.5586461
34975,0.3154904,0.13975586
34976,0.017852725,0.15590602
34977,0.057117973,0.06437006
34978,0.052108426,0.8624598
34979,0.11110647,0.06615501
34980,0.9426876,0.9123308
34981,0.05069889,0.8565123
34982,0.7059266,0.9445985
34983,0.029082382,0.15034273
34984,0.8228571,0.7077242
34985,0.26342136,0.56369305
34986,0.8345855,0.381359
34987,0.002930922,0.106039986
34988,0.4159227,0.32298335
34989,0.059289806,0.13103992
34990,0.072820194,0.7521314
34991,0.04600288,0.6886144
34992,0.28264832,0.99061954
34993,0.031830594,0.5330791
34994,0.16361684,0.9694363
34995,0.010347208,0.7415555
34996,0.21054354,0.76811343
34997,0.32803044,0.26261285
34998,0.6963013,0.9170266
34999,0.014247237,0.5570672
35000,0.12126914,0.47157648
35001,0.055649728,0.15245482
35002,0.20583569,0.89252853
35003,0.025391534,0.25442064
35004,0.003817075,0.045694955
35005,0.059934918,0.51667196
35006,0.03766482,0.6062689
35007,0.034519415,0.16099802
35008,0.039516587,0.30824634
35009,0.013272339,0.7664559
35010,0.1803429,0.36170745
35011,0.31938812,0.5253682
35012,0.88262165,0.77986884
35013,0.021109562,0.36379984
35014,0.04684865,0.1194625
35015,0.25874117,0.35993415
35016,0.011088849,0.1212707
35017,0.6447087,0.9544671
35018,0.021450464,0.015538168
35019,0.028267737,0.7341028
35020,0.783482,0.9785937
35021,0.029847262,0.054779172
35022,0.00472957,0.09469986
35023,0.06767887,0.11354703
35024,0.20725578,0.06694032
35025,0.05351647,0.07140659
35026,0.046132736,0.10060887
35027,0.37676683,0.26767713
35028,0.2352691,0.95503616
35029,0.9060159,0.99126935
35030,0.19954917,0.4682446
35031,0.023332149,0.18809025
35032,0.25556293,0.92231876
35033,0.009976838,0.62688893
35034,0.20017341,0.3531299
35035,0.6405734,0.79895425
35036,0.06800773,0.21896315
35037,0.02340533,0.49685502
35038,0.060883686,0.12242274
35039,0.8312303,0.78765506
35040,0.025711311,0.036273416
35041,0.29262862,0.28320923
35042,0.015126317,0.12523419
35043,0.15027553,0.44318616
35044,0.017059224,0.16679978
35045,0.0010894747,0.024709374
35046,0.91770273,0.9004126
35047,0.4760153,0.69054055
35048,0.08089993,0.4836661
35049,0.09418511,0.71093214
35050,0.0022784132,0.018152606
35051,0.13138592,0.35659108
35052,0.041488327,0.20989071
35053,0.08070922,0.9264665
35054,0.001009358,0.035684038
35055,0.15821953,0.71708864
35056,0.014768822,0.04139891
35057,0.0008850169,0.11173371
35058,0.31482682,0.25688657
35059,0.43191293,0.11896584
35060,0.033144515,0.1457415
35061,0.04238451,0.16760883
35062,0.038884316,0.83113295
35063,0.009630977,0.044113096
35064,0.044144765,0.19918251
35065,0.83477575,0.7763726
35066,0.0228293,0.1760795
35067,0.0671918,0.079679415
35068,0.10447824,0.45414227
35069,0.0988941,0.27296996
35070,0.091717586,0.4268914
35071,0.53410894,0.52296525
35072,0.683922,0.89667857
35073,0.32866612,0.05244228
35074,0.11773839,0.29043412
35075,0.0048471093,0.11185722
35076,0.3681049,0.40237093
35077,0.0038683345,0.050926287
35078,0.44965148,0.81835806
35079,0.93209624,0.9635495
35080,0.22917095,0.7012091
35081,0.06480754,0.3269014
35082,0.026523253,0.017204205
35083,0.13891102,0.14101988
35084,0.34778276,0.87612575
35085,0.07917729,0.8297668
35086,0.013800555,0.16105644
35087,0.004280712,0.72084814
35088,0.45175767,0.9541949
35089,0.012523443,0.17033859
35090,0.41449815,0.8587108
35091,0.013027968,0.26823747
35092,0.00560726,0.85309494
35093,0.01511081,0.010294076
35094,0.23306,0.45081875
35095,0.3105533,0.4340719
35096,0.0745567,0.96960306
35097,0.86614954,0.9678295
35098,0.5096689,0.51330614
35099,0.04000008,0.04548824
35100,0.32179,0.812008
35101,0.11721612,0.5723083
35102,0.0064432872,0.05109914
35103,0.12121369,0.1263713
35104,0.035007667,0.9168974
35105,0.12906311,0.6480991
35106,0.06502454,0.33370182
35107,0.1776034,0.7749924
35108,0.0076619,0.58285165
35109,0.16523625,0.07242561
35110,0.37141553,0.22495833
35111,0.4599064,0.8393063
35112,0.021920817,0.806176
35113,0.09889616,0.14568087
35114,0.8272164,0.936518
35115,0.03135021,0.6646347
35116,0.009152101,0.038191427
35117,0.025884602,0.18359536
35118,0.05487323,0.7007898
35119,0.009021281,0.09490392
35120,0.022639902,0.057630185
35121,0.1845511,0.83263445
35122,0.008208796,0.031270407
35123,0.46156105,0.71456563
35124,0.08230665,0.8838281
35125,0.002209358,0.21029156
35126,0.25259373,0.2994629
35127,0.07217355,0.19511503
35128,0.13735798,0.91340894
35129,0.04369433,0.8620785
35130,0.07799946,0.2527158
35131,0.007688666,0.36992007
35132,0.7378116,0.9072926
35133,0.23002453,0.14014152
35134,0.1894238,0.8222989
35135,0.37801412,0.18922453
35136,0.7415539,0.8677018
35137,0.7951113,0.9351356
35138,0.038928963,0.12704246
35139,0.11284592,0.7532694
35140,0.08440676,0.547369
35141,0.026159711,0.8527377
35142,0.0024662158,0.057474963
35143,0.012644866,0.089111656
35144,0.0623486,0.046137664
35145,0.066960685,0.82590467
35146,0.4036876,0.6892588
35147,0.009060147,0.047772203
35148,0.035013538,0.1018344
35149,0.17890643,0.79411614
35150,0.29259408,0.2794051
35151,0.2966676,0.8981706
35152,0.00892876,0.20393729
35153,0.08477726,0.7557902
35154,0.8584923,0.9562142
35155,0.0073178923,0.9493493
35156,0.07756131,0.08833148
35157,0.14303878,0.5354894
35158,0.29522315,0.59179354
35159,0.0044463445,0.108548656
35160,0.008149405,0.9550992
35161,0.012224036,0.03245909
35162,0.29294422,0.78026843
35163,0.015189341,0.80352974
35164,0.29455492,0.36077303
35165,0.1344854,0.70542705
35166,0.05188764,0.10070221
35167,0.017546492,0.17442676
35168,0.023473023,0.0643271
35169,0.025802106,0.0351231
35170,0.02539032,0.32467803
35171,0.92033494,0.30172917
35172,0.011900014,0.11900918
35173,0.112684675,0.7961642
35174,0.0029643278,0.20085531
35175,0.046587598,0.36302742
35176,0.007886987,0.37240413
35177,0.12651277,0.10156771
35178,0.014843009,0.048117284
35179,0.84151393,0.8686511
35180,0.11985605,0.9292122
35181,0.018606227,0.22287266
35182,0.047836624,0.35152528
35183,0.6355855,0.8162871
35184,0.011761005,0.046201695
35185,0.05422768,0.056746032
35186,0.085005164,0.9200976
35187,0.64632964,0.94925785
35188,0.92609066,0.88313466
35189,0.8070422,0.44212428
35190,0.0033852016,0.09298092
35191,0.045868937,0.035984375
35192,0.11957883,0.47963285
35193,0.008455496,0.04571649
35194,0.06973882,0.05031206
35195,0.1402781,0.13204756
35196,0.08471386,0.26503453
35197,0.7349976,0.94679284
35198,0.05829259,0.5297007
35199,0.043105703,0.42625505
35200,0.0666832,0.9560723
35201,0.0023656073,0.05412371
35202,0.031566218,0.9405726
35203,0.013585364,0.96549934
35204,0.0023705743,0.3979162
35205,0.092574835,0.13749216
35206,0.02952927,0.4265758
35207,0.8685118,0.92153895
35208,0.014063271,0.24260437
35209,0.066644475,0.47503817
35210,0.22241482,0.95935524
35211,0.017645422,0.30600384
35212,0.6807835,0.7840431
35213,0.032805283,0.12091454
35214,0.01990866,0.309455
35215,0.011251836,0.059112098
35216,0.0077471784,0.85070014
35217,0.3472929,0.7179527
35218,0.1337958,0.91250616
35219,0.2527836,0.35689908
35220,0.0010640728,0.036872454
35221,0.11369143,0.8182859
35222,0.02481851,0.043006707
35223,0.06342702,0.90778375
35224,0.012950129,0.041523043
35225,0.9575028,0.971153
35226,0.029203853,0.09363799
35227,0.063278794,0.5007671
35228,0.1475563,0.17277353
35229,0.6929655,0.7551631
35230,0.024939047,0.10417968
35231,0.5865303,0.5100732
35232,0.36629018,0.40039626
35233,0.38875973,0.22840416
35234,0.058384888,0.026876312
35235,0.19252393,0.110278346
35236,0.042208046,0.03899044
35237,0.012841164,0.10093309
35238,0.779693,0.99303573
35239,0.007649113,0.11814462
35240,0.046323128,0.9335864
35241,0.00146571,0.015970862
35242,0.024596019,0.0412738
35243,0.6559539,0.90763384
35244,0.38532647,0.31967396
35245,0.018674608,0.4379531
35246,0.10144059,0.4263844
35247,0.04220173,0.23344056
35248,0.70326245,0.47599065
35249,0.037968267,0.4562757
35250,0.047919933,0.27577344
35251,0.048335675,0.030406134
35252,0.011607774,0.20816384
35253,0.39035544,0.88305014
35254,0.048507754,0.45335582
35255,0.0075382,0.47020102
35256,0.02956378,0.18267678
35257,0.48664683,0.22988012
35258,0.07418474,0.08699605
35259,0.8476296,0.8868473
35260,0.86685216,0.9402575
35261,0.15738563,0.11495363
35262,0.21712662,0.7883194
35263,0.014193454,0.046248015
35264,0.13752554,0.5898063
35265,0.11592634,0.4769948
35266,0.27477196,0.9013695
35267,0.055164378,0.6526261
35268,0.26214635,0.1511158
35269,0.0021167244,0.030333003
35270,0.5851998,0.23070309
35271,0.0021217987,0.14711556
35272,0.5652245,0.8290243
35273,0.7126159,0.15959273
35274,0.38030514,0.11548611
35275,0.030268336,0.09980826
35276,0.7669868,0.57699865
35277,0.0553779,0.8387951
35278,0.021945955,0.04241908
35279,0.45783547,0.7125175
35280,0.048915457,0.8489399
35281,0.004144897,0.098197296
35282,0.20142178,0.13291018
35283,0.28449187,0.1417472
35284,0.624433,0.3204386
35285,0.069132656,0.3407859
35286,0.8621738,0.88926995
35287,0.24745524,0.49136847
35288,0.06632992,0.9633274
35289,0.021266846,0.010609429
35290,0.016689673,0.035764873
35291,0.10601967,0.9238373
35292,0.036565386,0.30950993
35293,0.00896374,0.021859713
35294,0.56999284,0.91511077
35295,0.11910234,0.2854857
35296,0.05306435,0.24170555
35297,0.018314898,0.05790678
35298,0.3874122,0.25786772
35299,0.06993615,0.08781903
35300,0.020057796,0.6012835
35301,0.08402367,0.13927378
35302,0.2679554,0.55879486
35303,0.055708155,0.3452994
35304,0.0634898,0.89951307
35305,0.030867765,0.06617453
35306,0.016319264,0.027126445
35307,0.002682951,0.12672573
35308,0.07952338,0.513429
35309,0.8828093,0.32798296
35310,0.0067828964,0.7307136
35311,0.12521209,0.38405353
35312,0.054894526,0.17285854
35313,0.78254396,0.9332418
35314,0.043994635,0.15037632
35315,0.016820056,0.17134324
35316,0.11057295,0.82079107
35317,0.019370241,0.23225065
35318,0.15256476,0.11167354
35319,0.59776443,0.80701023
35320,0.021127643,0.7111992
35321,0.04519436,0.044919
35322,0.012985406,0.06073127
35323,0.42498314,0.29127264
35324,0.37801328,0.9652484
35325,0.04682654,0.4946164
35326,0.94674665,0.96716857
35327,0.62418973,0.79003054
35328,0.34013435,0.59899783
35329,0.012218534,0.60357016
35330,0.120505475,0.32965037
35331,0.018749706,0.08571563
35332,0.25910142,0.28573328
35333,0.7566597,0.89332724
35334,0.17406905,0.10758112
35335,0.034832947,0.27948117
35336,0.106346786,0.09195756
35337,0.61833596,0.46126536
35338,0.38655534,0.7280566
35339,0.006074346,0.030827414
35340,0.41739693,0.8588685
35341,0.04320733,0.029631998
35342,0.012284495,0.19828631
35343,0.038360458,0.08450736
35344,0.01762431,0.43602207
35345,0.03873157,0.10605313
35346,0.012944218,0.41410688
35347,0.36206365,0.8683018
35348,0.13197482,0.30202472
35349,0.69278634,0.4450147
35350,0.008345658,0.617282
35351,0.0059956904,0.8455012
35352,0.004189045,0.7146628
35353,0.013426176,0.029186174
35354,0.18733709,0.6583806
35355,0.0061962195,0.011524466
35356,0.029395044,0.12775807
35357,0.10184032,0.9403016
35358,0.10373189,0.25754514
35359,0.8291887,0.882039
35360,0.026407406,0.7572271
35361,0.3123689,0.31776264
35362,0.3435613,0.32132077
35363,0.8673616,0.88477814
35364,0.074223064,0.7281731
35365,0.0905834,0.95441467
35366,0.05611614,0.12713124
35367,0.03349904,0.16594273
35368,0.048394218,0.15573381
35369,0.08188409,0.6811837
35370,0.26213157,0.89452314
35371,0.018456688,0.11716899
35372,0.047192425,0.07541566
35373,0.056521364,0.45518798
35374,0.0034080208,0.16203068
35375,0.12554407,0.87514776
35376,0.013641582,0.51266867
35377,0.2370223,0.8413425
35378,0.19481386,0.5317422
35379,0.04249846,0.8744371
35380,0.5935232,0.96888685
35381,0.016335009,0.18652166
35382,0.09195597,0.4810728
35383,0.002611074,0.0628925
35384,0.1925629,0.39544243
35385,0.020296704,0.64562446
35386,0.19617315,0.8496406
35387,0.012877282,0.05737104
35388,0.4294152,0.13534807
35389,0.06281131,0.064159036
35390,0.015943957,0.075752184
35391,0.0077523743,0.07705465
35392,0.032720346,0.14635983
35393,0.12733796,0.047497597
35394,0.96310854,0.976508
35395,0.046155915,0.39969337
35396,0.018067537,0.18062964
35397,0.026244318,0.070447244
35398,0.07263918,0.48072997
35399,0.053391013,0.90151393
35400,0.44373608,0.9736274
35401,0.8904669,0.80554366
35402,0.026325336,0.35243255
35403,0.014328744,0.45916733
35404,0.029565362,0.24780038
35405,0.34910274,0.25233495
35406,0.0064593945,0.034384374
35407,0.37801296,0.8938884
35408,0.04277701,0.25498432
35409,0.8218115,0.9655336
35410,0.84348947,0.69860005
35411,0.10856691,0.1004228
35412,0.045366332,0.969504
35413,0.049837448,0.11820367
35414,0.042529065,0.48229307
35415,0.0032302008,0.65045404
35416,0.2707112,0.14912234
35417,0.00600675,0.12926163
35418,0.04342215,0.44434696
35419,0.01722945,0.94338375
35420,0.10718236,0.05462743
35421,0.007621087,0.047076486
35422,0.05764548,0.9765836
35423,0.122708894,0.07044456
35424,0.05829796,0.028415797
35425,0.0044708224,0.068550445
35426,0.02214637,0.4473453
35427,0.057149466,0.15460625
35428,0.029206933,0.055639554
35429,0.03710291,0.76970583
35430,0.021990897,0.18458334
35431,0.6812358,0.83319
35432,0.42630368,0.29520547
35433,0.6705985,0.13199991
35434,0.041976992,0.7730262
35435,0.27562362,0.98827064
35436,0.29890326,0.72432715
35437,0.015402278,0.34886125
35438,0.044375308,0.3720612
35439,0.12409463,0.47003615
35440,0.010815745,0.14562286
35441,0.09873083,0.5942514
35442,0.18747452,0.7746447
35443,0.015763396,0.3056398
35444,0.03838636,0.92705375
35445,0.050044436,0.8269341
35446,0.030590521,0.081402816
35447,0.1263623,0.231959
35448,0.013657876,0.12562135
35449,0.9320547,0.98083144
35450,0.07844779,0.8143481
35451,0.06530714,0.2783922
35452,0.028459424,0.10439754
35453,0.27136958,0.8981983
35454,0.003874855,0.08118428
35455,0.004975148,0.10798997
35456,0.15197112,0.95249736
35457,0.01895878,0.0157053
35458,0.038982242,0.29448768
35459,0.017066685,0.709461
35460,0.44025186,0.8832405
35461,0.14793512,0.49957168
35462,0.034629982,0.97387946
35463,0.3087535,0.90194744
35464,0.042647354,0.6619092
35465,0.24386822,0.8783136
35466,0.16502848,0.054532308
35467,0.031058608,0.839585
35468,0.05896854,0.14192568
35469,0.2171876,0.44882175
35470,0.40217823,0.42605153
35471,0.003189783,0.11214412
35472,0.050034326,0.1477154
35473,0.011108339,0.2789311
35474,0.2647662,0.2551548
35475,0.6704818,0.90503067
35476,0.0036850825,0.851766
35477,0.008201222,0.09259166
35478,0.025414804,0.7314551
35479,0.017912596,0.018993845
35480,0.04617028,0.09541807
35481,0.94414145,0.9900175
35482,0.08453073,0.9453253
35483,0.033144798,0.048267778
35484,0.76361495,0.9675382
35485,0.2777504,0.26883617
35486,0.18398541,0.82691467
35487,0.12510511,0.89166427
35488,0.0006834871,0.016672684
35489,0.05694743,0.32554105
35490,0.07843626,0.71182
35491,0.019097896,0.1530717
35492,0.018282024,0.053854577
35493,0.011102265,0.88600063
35494,0.047312777,0.1535612
35495,0.69280505,0.77803713
35496,0.06933206,0.23331273
35497,0.008562928,0.048619714
35498,0.61783385,0.6388401
35499,0.12913701,0.28306115
35500,0.05205713,0.05295081
35501,0.19063775,0.21764679
35502,0.15235306,0.16710483
35503,0.9443363,0.9214585
35504,0.045638885,0.8786522
35505,0.0462276,0.22739027
35506,0.30018023,0.122733645
35507,0.64316076,0.9289028
35508,0.15732998,0.5983465
35509,0.66876066,0.8467622
35510,0.044856206,0.1500876
35511,0.037849642,0.061005346
35512,0.09004516,0.96930546
35513,0.03929456,0.9612376
35514,0.027393393,0.27221802
35515,0.055851247,0.7879144
35516,0.8701499,0.83524185
35517,0.7954113,0.9574149
35518,0.0884081,0.17099363
35519,0.116229184,0.031033771
35520,0.6325107,0.94231206
35521,0.8519686,0.96896935
35522,0.15393682,0.5021204
35523,0.1649184,0.45784226
35524,0.040316712,0.46183193
35525,0.0072499206,0.108700186
35526,0.06267992,0.69446796
35527,0.42160073,0.23348129
35528,0.25656715,0.92593396
35529,0.90994704,0.8922442
35530,0.06886548,0.878253
35531,0.1967992,0.59263766
35532,0.15642375,0.8884187
35533,0.06913384,0.27313995
35534,0.04142294,0.15760493
35535,0.043301888,0.086929865
35536,0.9698336,0.92822605
35537,0.016867427,0.058455158
35538,0.9188101,0.9908478
35539,0.00078798464,0.059050485
35540,0.40831152,0.787794
35541,0.19366005,0.7456264
35542,0.29227048,0.08984813
35543,0.035910986,0.07233094
35544,0.46235263,0.73490137
35545,0.0723104,0.55581325
35546,0.03296562,0.08561057
35547,0.008066664,0.016633203
35548,0.13933887,0.9579315
35549,0.25925,0.6276334
35550,0.5042035,0.95753074
35551,0.004650729,0.054441854
35552,0.09216727,0.9286228
35553,0.10784236,0.9178826
35554,0.7920312,0.8642299
35555,0.09255094,0.43433306
35556,0.0031390334,0.015292417
35557,0.006218027,0.08622591
35558,0.009127337,0.0071177785
35559,0.036149256,0.23275366
35560,0.038037945,0.41976276
35561,0.035884276,0.111807786
35562,0.03727032,0.49151075
35563,0.037863042,0.256869
35564,0.17538299,0.24771486
35565,0.21119279,0.48257494
35566,0.11932825,0.8118815
35567,0.07857808,0.06106701
35568,0.036932625,0.6639678
35569,0.03352009,0.44002286
35570,0.2174502,0.6743614
35571,0.049222782,0.7266885
35572,0.058949325,0.607169
35573,0.077765845,0.88205844
35574,0.0069023445,0.14623824
35575,0.3007252,0.7840225
35576,0.08024932,0.18157221
35577,0.021097828,0.58189154
35578,0.03623062,0.16403146
35579,0.008009925,0.026538536
35580,0.053424004,0.31300387
35581,0.5434855,0.7256983
35582,0.76835346,0.97856504
35583,0.115496896,0.06601505
35584,0.042954613,0.7056662
35585,0.17897798,0.018605443
35586,0.82670265,0.9309436
35587,0.39173806,0.64375085
35588,0.009255115,0.38342053
35589,0.015283869,0.43146703
35590,0.048523318,0.15176496
35591,0.0478266,0.25624394
35592,0.19957437,0.24497999
35593,0.0043964814,0.030515946
35594,0.03629682,0.591696
35595,0.72882736,0.59624314
35596,0.4640531,0.789882
35597,0.49290064,0.28701013
35598,0.09419944,0.14595586
35599,0.045563783,0.92019093
35600,0.3597351,0.75152004
35601,0.83081764,0.964597
35602,0.35267425,0.4023449
35603,0.049032845,0.79450744
35604,0.7519509,0.89543384
35605,0.14539169,0.8575629
35606,0.0029074233,0.47843513
35607,0.03468339,0.08078308
35608,0.860464,0.8213988
35609,0.21808228,0.89560145
35610,0.15095901,0.6651113
35611,0.010397637,0.5626778
35612,0.44026572,0.5027376
35613,0.05036156,0.2813327
35614,0.09771605,0.8982894
35615,0.51535904,0.32138848
35616,0.39464796,0.6165701
35617,0.030593524,0.06370272
35618,0.025497746,0.39918151
35619,0.20361307,0.2770558
35620,0.19049467,0.47379732
35621,0.0048320326,0.17542684
35622,0.39594805,0.88721406
35623,0.22157088,0.39280233
35624,0.52375984,0.58381814
35625,0.028993554,0.7149322
35626,0.028530544,0.6420184
35627,0.019136894,0.892617
35628,0.04765328,0.14013682
35629,0.08623463,0.67378205
35630,0.0010508081,0.008510635
35631,0.005970785,0.016590906
35632,0.42027196,0.17467654
35633,0.11997901,0.30080456
35634,0.017480912,0.052703418
35635,0.95110184,0.94080186
35636,0.4564922,0.9450409
35637,0.28788462,0.29289693
35638,0.04552845,0.021352729
35639,0.9630891,0.8984132
35640,0.0071769464,0.22490934
35641,0.124266855,0.1869735
35642,0.34455773,0.22637749
35643,0.75080925,0.8661674
35644,0.0004819411,0.017615749
35645,0.76776755,0.9003818
35646,0.042336084,0.1641805
35647,0.12807584,0.56591725
35648,0.06764834,0.7586672
35649,0.03713212,0.24094793
35650,0.029689496,0.88383186
35651,0.12468332,0.06808833
35652,0.7505775,0.833886
35653,0.751083,0.985743
35654,0.008581562,0.10910818
35655,0.0166554,0.73818064
35656,0.09368764,0.12766933
35657,0.28699866,0.86420697
35658,0.04872102,0.23231287
35659,0.013659225,0.06010795
35660,0.7859352,0.8347598
35661,0.00066855195,0.10569295
35662,0.02463973,0.032677785
35663,0.03495092,0.07986784
35664,0.42057222,0.70189583
35665,0.034887258,0.25727952
35666,0.07217191,0.23542246
35667,0.042857632,0.7689266
35668,0.012996589,0.04053551
35669,0.8593584,0.965116
35670,0.38086763,0.5842754
35671,0.022043938,0.69493055
35672,0.054368492,0.63810515
35673,0.0048065083,0.1061205
35674,0.015659459,0.8705546
35675,0.6909715,0.38062152
35676,0.08024618,0.7509891
35677,0.218672,0.05072321
35678,0.031540625,0.121303
35679,0.07413529,0.33302096
35680,0.013531564,0.22006083
35681,0.74931216,0.9441895
35682,0.026475692,0.0829872
35683,0.03515577,0.23873061
35684,0.19910596,0.541827
35685,0.035787217,0.12799503
35686,0.28642556,0.7479415
35687,0.33773887,0.09488322
35688,0.0076804054,0.040681228
35689,0.028602341,0.23752873
35690,0.031524025,0.14896648
35691,0.78184944,0.9185899
35692,0.040807717,0.060000867
35693,0.60675275,0.7778326
35694,0.9464919,0.9658084
35695,0.89412725,0.9692162
35696,0.0027460768,0.21852458
35697,0.017064165,0.7248688
35698,0.0067790714,0.3180378
35699,0.016503392,0.044640385
35700,0.019608391,0.032750927
35701,0.017711444,0.15864925
35702,0.03327835,0.050595045
35703,0.022010848,0.093726836
35704,0.89684534,0.971789
35705,0.055373594,0.5093712
35706,0.15140304,0.36929697
35707,0.036932286,0.9902817
35708,0.93002605,0.9518681
35709,0.0060598706,0.031574283
35710,0.08886791,0.06575907
35711,0.032389957,0.9912771
35712,0.013286678,0.05620333
35713,0.051835272,0.017596053
35714,0.40663552,0.96852946
35715,0.87935877,0.81690013
35716,0.034077644,0.07816648
35717,0.036599316,0.54694855
35718,0.1335785,0.27251056
35719,0.0020487069,0.055865668
35720,0.16972186,0.87062764
35721,0.016100788,0.41874897
35722,0.013175174,0.021737207
35723,0.05665668,0.95289403
35724,0.03913224,0.09527644
35725,0.10971111,0.078206375
35726,0.0739551,0.35652864
35727,0.21154265,0.41622564
35728,0.004886059,0.05561235
35729,0.0067770937,0.7749122
35730,0.0014515864,0.175327
35731,0.06229545,0.89423937
35732,0.039443288,0.1713038
35733,0.0398562,0.69694215
35734,0.9388418,0.81216645
35735,0.027702311,0.08785995
35736,0.44889796,0.12210691
35737,0.8009625,0.7831874
35738,0.012416171,0.06859024
35739,0.028567623,0.95467097
35740,0.028231744,0.49859715
35741,0.19898967,0.13011457
35742,0.08550359,0.94485414
35743,0.032042332,0.3429387
35744,0.049456757,0.57924324
35745,0.062223088,0.18648505
35746,0.02897478,0.14998373
35747,0.12768796,0.07433937
35748,0.11789089,0.5774646
35749,0.0314412,0.27986905
35750,0.017889408,0.051557768
35751,0.007317207,0.062461577
35752,0.07468929,0.66012204
35753,0.017747093,0.834297
35754,0.15694138,0.4048657
35755,0.009208865,0.12622453
35756,0.20047978,0.85143256
35757,0.105849974,0.15830186
35758,0.008103613,0.037178308
35759,0.25509524,0.9710235
35760,0.20345545,0.5011277
35761,0.7612428,0.8669879
35762,0.9516365,0.7784125
35763,0.183144,0.6412704
35764,0.5150308,0.7811109
35765,0.06893461,0.7922653
35766,0.8340668,0.9423856
35767,0.13092123,0.58498055
35768,0.007849065,0.95125824
35769,0.5796301,0.78687936
35770,0.16519065,0.92182183
35771,0.0019573243,0.23544098
35772,0.007450083,0.1382029
35773,0.12237044,0.27111164
35774,0.07669663,0.22237934
35775,0.08055859,0.6503836
35776,0.03123326,0.5389492
35777,0.2688319,0.8898163
35778,0.035536706,0.096080266
35779,0.24100724,0.30255127
35780,0.047770586,0.18906854
35781,0.52824813,0.47971198
35782,0.12833174,0.81357646
35783,0.15936099,0.4827158
35784,0.8906971,0.8578936
35785,0.13969693,0.096031345
35786,0.010920503,0.24896823
35787,0.009805654,0.87088907
35788,0.009851154,0.78751725
35789,0.23400238,0.10728142
35790,0.06871554,0.8533028
35791,0.17166142,0.97948873
35792,0.023798,0.13259259
35793,0.542965,0.972073
35794,0.17953867,0.13766862
35795,0.03568536,0.8976031
35796,0.008248294,0.23873898
35797,0.025397671,0.042982504
35798,0.175216,0.22857621
35799,0.014646055,0.19470164
35800,0.12005665,0.35820994
35801,0.09098304,0.29393247
35802,0.009321266,0.03662186
35803,0.002836372,0.37317872
35804,0.015966633,0.17350636
35805,0.033186264,0.42760783
35806,0.0843304,0.33850127
35807,0.05716778,0.623541
35808,0.054949734,0.6494733
35809,0.034733832,0.036289033
35810,0.14498563,0.83710253
35811,0.013928965,0.60513264
35812,0.059658233,0.10565291
35813,0.058781557,0.097036526
35814,0.4409461,0.7534989
35815,0.21914698,0.5953677
35816,0.83098733,0.9615483
35817,0.010921189,0.07509565
35818,0.17373677,0.1858289
35819,0.57976973,0.72387964
35820,0.05825983,0.6754904
35821,0.82003933,0.63634783
35822,0.964665,0.97797626
35823,0.21663256,0.6839059
35824,0.08391528,0.10334902
35825,0.9566087,0.9894142
35826,0.01461269,0.13485008
35827,0.24266829,0.36984497
35828,0.009649962,0.007554166
35829,0.0063503273,0.057547122
35830,0.054697737,0.60679394
35831,0.046088796,0.029852867
35832,0.04124838,0.22163312
35833,0.07884502,0.080136135
35834,0.048332136,0.6056781
35835,0.021602876,0.6552842
35836,0.75231594,0.887714
35837,0.007861313,0.3590669
35838,0.003018103,0.019640906
35839,0.14114484,0.0806855
35840,0.030251453,0.18722385
35841,0.13506114,0.7188393
35842,0.41768748,0.17520641
35843,0.22155239,0.74047786
35844,0.023829544,0.08756508
35845,0.015594909,0.041714083
35846,0.006712257,0.037503913
35847,0.04173156,0.464692
35848,0.032235958,0.9154609
35849,0.48561928,0.35418642
35850,0.0227717,0.861223
35851,0.20051278,0.08014634
35852,0.021292657,0.0517997
35853,0.0800882,0.43410817
35854,0.121169426,0.75643617
35855,0.02090565,0.3851106
35856,0.64810145,0.5018349
35857,0.02847219,0.18048663
35858,0.014359292,0.17170386
35859,0.14633332,0.7056423
35860,0.042179033,0.28396094
35861,0.8951351,0.89418435
35862,0.5985537,0.8299078
35863,0.7099729,0.99094945
35864,0.43237448,0.7705358
35865,0.098183155,0.5008013
35866,0.028977638,0.047468673
35867,0.046338618,0.17626196
35868,0.054500047,0.1243881
35869,0.012101805,0.043414377
35870,0.08058064,0.9281897
35871,0.60396826,0.9090573
35872,0.019690676,0.13136421
35873,0.033744838,0.77656764
35874,0.5986119,0.98942006
35875,0.014879955,0.118415006
35876,0.5103118,0.34343055
35877,0.019009694,0.14916112
35878,0.7152685,0.91903955
35879,0.010628642,0.84652317
35880,0.06721346,0.86464536
35881,0.11330263,0.8838133
35882,0.78197616,0.949247
35883,0.13767073,0.53819484
35884,0.064801514,0.5050679
35885,0.07185955,0.066335745
35886,0.003661939,0.1148561
35887,0.025876567,0.7599308
35888,0.047462657,0.56279856
35889,0.25717053,0.70568126
35890,0.03426828,0.67123705
35891,0.18635197,0.6660113
35892,0.26834378,0.36783022
35893,0.091992065,0.63470405
35894,0.24521168,0.8175304
35895,0.018773826,0.66763467
35896,0.061374962,0.15749435
35897,0.040532984,0.05992097
35898,0.23200864,0.2771077
35899,0.0010595628,0.11524963
35900,0.0025215298,0.073759146
35901,0.2051077,0.9100484
35902,0.0014908769,0.026092516
35903,0.115693346,0.93496907
35904,0.6243936,0.81290996
35905,0.019592896,0.58039767
35906,0.2801843,0.4975962
35907,0.03054295,0.9095818
35908,0.02554574,0.16502647
35909,0.026077477,0.43935618
35910,0.08741802,0.9801634
35911,0.08070325,0.9187263
35912,0.21757354,0.13614987
35913,0.022386415,0.02621392
35914,0.28167135,0.55567354
35915,0.2269681,0.61875665
35916,0.05054828,0.32284537
35917,0.069951214,0.040243145
35918,0.16359192,0.80522996
35919,0.32992584,0.12144173
35920,0.30543515,0.8680933
35921,0.24304307,0.7984568
35922,0.013060018,0.12179658
35923,0.014770016,0.039233178
35924,0.062107746,0.19578297
35925,0.45130077,0.9719425
35926,0.011839841,0.9179991
35927,0.51223564,0.9654757
35928,0.012451395,0.31660393
35929,0.12526746,0.3388039
35930,0.109042734,0.93311006
35931,0.8865136,0.9491212
35932,0.8659735,0.8747833
35933,0.039268546,0.189928
35934,0.02714811,0.38672474
35935,0.04392895,0.082855895
35936,0.0011834224,0.050555136
35937,0.05123294,0.054152038
35938,0.47649798,0.22755496
35939,0.175426,0.058758896
35940,0.08648183,0.16484362
35941,0.008833772,0.27554896
35942,0.081577025,0.06776367
35943,0.015949711,0.871627
35944,0.013645214,0.2486498
35945,0.056348473,0.046215408
35946,0.15333278,0.8885988
35947,0.8113134,0.9779889
35948,0.06729732,0.69935405
35949,0.532031,0.8140726
35950,0.86936545,0.7078165
35951,0.09204147,0.28498346
35952,0.023046333,0.72984385
35953,0.0034262904,0.079754606
35954,0.0023283362,0.17819929
35955,0.9576596,0.98128706
35956,0.8856293,0.9712228
35957,0.0068841097,0.042281386
35958,0.08862959,0.82450783
35959,0.050280716,0.2028208
35960,0.043522067,0.8608246
35961,0.002468893,0.014832401
35962,0.013816373,0.232076
35963,0.031829815,0.069745794
35964,0.10169745,0.25982532
35965,0.12869117,0.9670146
35966,0.25227487,0.7959367
35967,0.017730534,0.2163486
35968,0.09344602,0.23340735
35969,0.3994813,0.7271862
35970,0.22938621,0.94823325
35971,0.33891103,0.6046051
35972,0.07717647,0.80414206
35973,0.017052365,0.03853628
35974,0.05607958,0.15823548
35975,0.063110985,0.019074095
35976,0.014563021,0.19905838
35977,0.0442851,0.060110006
35978,0.055556845,0.3340984
35979,0.5655704,0.956785
35980,0.10893715,0.81481284
35981,0.032260705,0.8699431
35982,0.044764202,0.832151
35983,0.14467627,0.8949735
35984,0.007869883,0.026580947
35985,0.12656684,0.6297914
35986,0.048539788,0.43008447
35987,0.22495486,0.85334486
35988,0.039302118,0.08292143
35989,0.062837236,0.35098836
35990,0.048781365,0.08876336
35991,0.39156628,0.32157677
35992,0.19657314,0.221601
35993,0.055171352,0.16998762
35994,0.163395,0.8984695
35995,0.07039996,0.2972663
35996,0.90077907,0.9835328
35997,0.7863971,0.956105
35998,0.08403916,0.43290365
35999,0.004874717,0.044307083
36000,0.048106365,0.011559719
36001,0.081496164,0.30146283
36002,0.19259568,0.22413339
36003,0.83453906,0.9682717
36004,0.3133228,0.339701
36005,0.03693522,0.56341845
36006,0.29101434,0.3182823
36007,0.07515211,0.7122272
36008,0.21146804,0.6048138
36009,0.0046779066,0.22991216
36010,0.14974669,0.09240264
36011,0.03741657,0.0883928
36012,0.17068475,0.5894369
36013,0.017466027,0.06534429
36014,0.059041042,0.22060078
36015,0.17753538,0.68056095
36016,0.030592427,0.9351819
36017,0.26715264,0.13683358
36018,0.21525505,0.5746343
36019,0.28956643,0.15330061
36020,0.047430366,0.6049121
36021,0.02391558,0.24195755
36022,0.88595986,0.9638786
36023,0.03666236,0.76579046
36024,0.66862226,0.8330336
36025,0.09443319,0.8998484
36026,0.028594825,0.04845839
36027,0.007668643,0.8505927
36028,0.02107367,0.03979402
36029,0.83205044,0.97061265
36030,0.01584905,0.052998595
36031,0.052709404,0.035718974
36032,0.021766124,0.053497016
36033,0.012927864,0.6495883
36034,0.014033001,0.08359133
36035,0.058681883,0.1544829
36036,0.20019497,0.87255806
36037,0.85995567,0.7146411
36038,0.081685625,0.6745399
36039,0.14566466,0.15036532
36040,0.1342203,0.8571533
36041,0.4196865,0.3063914
36042,0.15568922,0.91463244
36043,0.60029197,0.9896315
36044,0.5906081,0.96786994
36045,0.11567754,0.28985146
36046,0.067987405,0.74497026
36047,0.37690684,0.5795241
36048,0.0044655874,0.7544639
36049,0.022866623,0.9440817
36050,0.9584184,0.99269205
36051,0.10351595,0.5065845
36052,0.1587721,0.12871218
36053,0.68619233,0.7883281
36054,0.023348963,0.22310607
36055,0.025911782,0.1429026
36056,0.00445473,0.06269009
36057,0.011996104,0.052705344
36058,0.038029257,0.020399565
36059,0.037774637,0.76818764
36060,0.10680415,0.55170965
36061,0.04525819,0.63249904
36062,0.0056510377,0.5140281
36063,0.16922088,0.9761154
36064,0.95441717,0.42331842
36065,0.7024105,0.8282879
36066,0.26057333,0.89077073
36067,0.4591677,0.3896741
36068,0.17466047,0.071039334
36069,0.0027306266,0.030369148
36070,0.017743247,0.6154973
36071,0.96114737,0.93999493
36072,0.04714299,0.76818067
36073,0.0018143367,0.044304486
36074,0.06018417,0.6171894
36075,0.020054571,0.035655778
36076,0.58712894,0.85744977
36077,0.7412791,0.97433203
36078,0.42205253,0.21074095
36079,0.006236068,0.08392088
36080,0.82922965,0.91335225
36081,0.21035126,0.5667914
36082,0.07106454,0.5563331
36083,0.948965,0.8503648
36084,0.13638236,0.96749127
36085,0.026272636,0.7171887
36086,0.053960767,0.029536052
36087,0.07998791,0.4226333
36088,0.41636395,0.5498022
36089,0.6820015,0.7639408
36090,0.09276713,0.19712037
36091,0.053005334,0.6224251
36092,0.13438438,0.74487406
36093,0.92847264,0.6774914
36094,0.018263783,0.16904816
36095,0.310551,0.76029253
36096,0.25863573,0.98191136
36097,0.113988996,0.46584806
36098,0.40659502,0.9386415
36099,0.07229213,0.9727304
36100,0.029860597,0.7947783
36101,0.9793432,0.9848299
36102,0.0060869716,0.11650829
36103,0.13959481,0.8009846
36104,0.4775941,0.54109436
36105,0.19782238,0.07249758
36106,0.030276306,0.4144362
36107,0.1777898,0.7807373
36108,0.09127304,0.03632708
36109,0.56624603,0.8889129
36110,0.001701166,0.06246708
36111,0.55210274,0.97387415
36112,0.5056276,0.9553036
36113,0.122861214,0.08571119
36114,0.20166998,0.54376036
36115,0.43808475,0.37611833
36116,0.26232734,0.13910761
36117,0.7903714,0.5762845
36118,0.02443757,0.5477519
36119,0.07510625,0.9443959
36120,0.0016698795,0.08613531
36121,0.031729173,0.14825562
36122,0.18527566,0.5238567
36123,0.960241,0.56131554
36124,0.042190485,0.082788415
36125,0.014636122,0.8839833
36126,0.023624578,0.2279907
36127,0.03905895,0.037178084
36128,0.016506208,0.3589484
36129,0.25245345,0.95610327
36130,0.16369039,0.9331112
36131,0.039859302,0.34094253
36132,0.02895343,0.43250504
36133,0.10545989,0.21119972
36134,0.022548435,0.43141627
36135,0.03456882,0.8019833
36136,0.004363977,0.03434665
36137,0.017719103,0.08919722
36138,0.17260504,0.91452366
36139,0.7797327,0.9371249
36140,0.109312646,0.75508446
36141,0.07876215,0.9486138
36142,0.2064857,0.25960898
36143,0.05989174,0.63492525
36144,0.058881905,0.85419047
36145,0.00038269066,0.021823466
36146,0.9120562,0.9730449
36147,0.12522686,0.88137394
36148,0.01343211,0.042703528
36149,0.014006253,0.13750069
36150,0.010491031,0.87599474
36151,0.033108037,0.053526845
36152,0.52365273,0.8540795
36153,0.6682285,0.9404945
36154,0.14693052,0.5065727
36155,0.016403578,0.016246773
36156,0.0040937425,0.02216278
36157,0.18608035,0.15232682
36158,0.2024724,0.47908098
36159,0.02677952,0.016363958
36160,0.009305356,0.06262485
36161,0.57565117,0.73009187
36162,0.5268907,0.9450367
36163,0.2645892,0.9629316
36164,0.0037506286,0.24393737
36165,0.007772872,0.3727993
36166,0.09753708,0.2118588
36167,0.0671654,0.21409476
36168,0.016438566,0.41300982
36169,0.11031849,0.40339303
36170,0.023457529,0.08182025
36171,0.11050522,0.07919052
36172,0.69665253,0.5794487
36173,0.3537563,0.15170479
36174,0.00032348585,0.030475922
36175,0.31569797,0.8477737
36176,0.115113944,0.09206877
36177,0.10255205,0.04042557
36178,0.73905236,0.89078045
36179,0.009915351,0.39489034
36180,0.28228334,0.50413215
36181,0.24324954,0.5930985
36182,0.32826254,0.17641874
36183,0.23041354,0.519062
36184,0.97077125,0.9548356
36185,0.30977765,0.90244585
36186,0.015829233,0.13175595
36187,0.5358844,0.91234666
36188,0.057803884,0.67155343
36189,0.007446353,0.9228138
36190,0.82963616,0.49280226
36191,0.016259901,0.661347
36192,0.04225824,0.42363018
36193,0.0520235,0.15107815
36194,0.8238716,0.41523483
36195,0.09072331,0.64459854
36196,0.057986267,0.36365548
36197,0.021696087,0.20990512
36198,0.9283711,0.9724878
36199,0.07361573,0.64855045
36200,0.16371725,0.037730966
36201,0.9653656,0.99814546
36202,0.45011032,0.5784694
36203,0.030586774,0.5671936
36204,0.0034237094,0.08905577
36205,0.018405264,0.93440366
36206,0.019318733,0.90628535
36207,0.4408659,0.33585677
36208,0.1606925,0.9109746
36209,0.12287138,0.73960954
36210,0.018436512,0.05497441
36211,0.009838163,0.01897882
36212,0.013172266,0.22036439
36213,0.02964456,0.31695852
36214,0.85831434,0.9438886
36215,0.67468894,0.93363035
36216,0.6934646,0.90516573
36217,0.025408586,0.12973431
36218,0.24761745,0.91409993
36219,0.013238845,0.035861574
36220,0.45660707,0.59035534
36221,0.07768904,0.1021821
36222,0.0060268547,0.04290947
36223,0.11328907,0.7051328
36224,0.00077312486,0.0052303746
36225,0.12622237,0.7775807
36226,0.0068305307,0.9049348
36227,0.40513545,0.11580949
36228,0.08339219,0.048798427
36229,0.020420969,0.070713215
36230,0.05009648,0.13751045
36231,0.116182305,0.3344723
36232,0.06829048,0.012258458
36233,0.04191787,0.20020534
36234,0.049622823,0.39067718
36235,0.4805922,0.74972314
36236,0.40050587,0.48211986
36237,0.7201012,0.3561052
36238,0.03611634,0.25397646
36239,0.18752462,0.641167
36240,0.13066189,0.7992995
36241,0.2408132,0.63736385
36242,0.029577684,0.023455296
36243,0.01428482,0.90933233
36244,0.038341034,0.17615019
36245,0.21814707,0.14612177
36246,0.9399799,0.9675903
36247,0.50393707,0.2190842
36248,0.092674606,0.53886056
36249,0.018953577,0.3203054
36250,0.45359716,0.5719604
36251,0.07614021,0.33748043
36252,0.74905115,0.65054595
36253,0.0020822247,0.031523764
36254,0.812347,0.9812247
36255,0.01642478,0.07859681
36256,0.010998695,0.09450561
36257,0.3050565,0.23038512
36258,0.0730794,0.11981884
36259,0.010947029,0.037773665
36260,0.22875074,0.5933872
36261,0.09557545,0.1283709
36262,0.5396008,0.9912054
36263,0.0033872116,0.16337839
36264,0.7451491,0.21545532
36265,0.01061415,0.90544623
36266,0.01647189,0.8637161
36267,0.64139336,0.80799174
36268,0.14670008,0.3323824
36269,0.010735745,0.96387666
36270,0.8261857,0.99783593
36271,0.008835688,0.6878799
36272,0.94290745,0.9786829
36273,0.18792242,0.11784147
36274,0.07426587,0.7047948
36275,0.0031045543,0.03144375
36276,0.6943165,0.8447532
36277,0.17751236,0.45670432
36278,0.029626006,0.18185979
36279,0.1295875,0.44453624
36280,0.11463158,0.107434094
36281,0.025618427,0.9010048
36282,0.8938224,0.66051924
36283,0.013556294,0.22950998
36284,0.0523984,0.85675925
36285,0.30251065,0.8918794
36286,0.9250718,0.26505956
36287,0.026495893,0.24548858
36288,0.115910396,0.19027306
36289,0.70887375,0.9081162
36290,0.0217402,0.08411898
36291,0.1308525,0.4413443
36292,0.005361221,0.22819234
36293,0.045878995,0.3780602
36294,0.33425307,0.40684694
36295,0.06339853,0.70760787
36296,0.3482988,0.093193375
36297,0.024431659,0.24241646
36298,0.21028765,0.38670003
36299,0.01054813,0.10487029
36300,0.0046295007,0.3075308
36301,0.0033704864,0.045399737
36302,0.022674011,0.04000047
36303,0.34099337,0.21923105
36304,0.11300708,0.18074553
36305,0.15679717,0.6182084
36306,0.7117882,0.7031953
36307,0.33894104,0.43900427
36308,0.06600171,0.062331915
36309,0.024729703,0.48844612
36310,0.042196363,0.14363323
36311,0.26271075,0.45235398
36312,0.017478978,0.73935515
36313,0.21341753,0.9336671
36314,0.094499655,0.09876644
36315,0.019080266,0.07588886
36316,0.022474375,0.8116101
36317,0.08709868,0.2751447
36318,0.026662707,0.0525235
36319,0.012979449,0.035791457
36320,0.9920889,0.92337716
36321,0.006304594,0.05630559
36322,0.8297152,0.941538
36323,0.025407659,0.35105935
36324,0.02118151,0.13240865
36325,0.006544263,0.22731945
36326,0.0154970335,0.9503946
36327,0.016539877,0.4878199
36328,0.05055691,0.95012337
36329,0.12176152,0.8725381
36330,0.1202151,0.774333
36331,0.05217086,0.38139892
36332,0.009513212,0.08066316
36333,0.047685523,0.9041014
36334,0.2537544,0.49159065
36335,0.43431884,0.20204255
36336,0.026160507,0.17672655
36337,0.27954644,0.9829007
36338,0.0200152,0.4932879
36339,0.2587625,0.8604225
36340,0.063786164,0.96296614
36341,0.0050451006,0.119199924
36342,0.3722112,0.11701742
36343,0.0013772643,0.056989815
36344,0.12584214,0.43210214
36345,0.015939416,0.73464715
36346,0.056804705,0.6060686
36347,0.6441812,0.19590323
36348,0.06529905,0.64907503
36349,0.16017422,0.5280758
36350,0.09928979,0.5645884
36351,0.2819536,0.0581575
36352,0.10414239,0.98666763
36353,0.86942375,0.96147615
36354,0.08241329,0.8849228
36355,0.17365108,0.51419014
36356,0.01213918,0.91093755
36357,0.04265273,0.6646313
36358,0.0633286,0.8408848
36359,0.08217435,0.80718017
36360,0.32364273,0.54030174
36361,0.62546784,0.21727616
36362,0.32936245,0.2462752
36363,0.07202309,0.38887957
36364,0.28485584,0.78727037
36365,0.71239454,0.9092655
36366,0.0996495,0.013363766
36367,0.026514255,0.07028002
36368,0.95031327,0.9705914
36369,0.2465844,0.9068822
36370,0.034335155,0.3926965
36371,0.51475143,0.045450747
36372,0.034243613,0.1494572
36373,0.3242643,0.3216652
36374,0.009800525,0.031604193
36375,0.032270472,0.2482868
36376,0.0645606,0.11411862
36377,0.015565304,0.3306003
36378,0.007481346,0.02048276
36379,0.055656858,0.22910935
36380,0.9699555,0.958575
36381,0.04320258,0.982235
36382,0.0059630526,0.12406749
36383,0.13840899,0.4291339
36384,0.091751024,0.5087664
36385,0.44598624,0.107177794
36386,0.3032447,0.44539383
36387,0.120229,0.7522637
36388,0.24315865,0.20080625
36389,0.030631686,0.104201734
36390,0.9408218,0.97101206
36391,0.14305533,0.72991234
36392,0.20498821,0.8957779
36393,0.05691013,0.9726204
36394,0.7223058,0.93249816
36395,0.65493745,0.5000311
36396,0.06580126,0.2428921
36397,0.028835407,0.140363
36398,0.14345579,0.13015483
36399,0.0617994,0.18584594
36400,0.04559792,0.042705838
36401,0.0037027365,0.024788545
36402,0.06727662,0.13958995
36403,0.0021647369,0.042982925
36404,0.4845948,0.31143424
36405,0.041909095,0.46474525
36406,0.5150906,0.902375
36407,0.7123209,0.9565824
36408,0.6522692,0.6272236
36409,0.010316525,0.15462941
36410,0.6755011,0.80320233
36411,0.12438089,0.5776158
36412,0.011982791,0.10227772
36413,0.78154796,0.9327484
36414,0.083034605,0.16872056
36415,0.66939807,0.7033505
36416,0.010047032,0.039692767
36417,0.26182044,0.25600627
36418,0.0024449262,0.015778651
36419,0.027054338,0.7766143
36420,0.8517299,0.9246642
36421,0.40897906,0.119162455
36422,0.008306606,0.07845019
36423,0.9032569,0.7146654
36424,0.6930565,0.61374545
36425,0.05758914,0.25462213
36426,0.27789387,0.49826145
36427,0.014644514,0.64292943
36428,0.95728064,0.8915132
36429,0.20211041,0.6803201
36430,0.29052338,0.383189
36431,0.008220272,0.36628816
36432,0.0072533637,0.045835935
36433,0.24202193,0.4469178
36434,0.021418924,0.13062976
36435,0.08776508,0.09061052
36436,0.022419326,0.8739226
36437,0.050103445,0.1768091
36438,0.4022595,0.05672887
36439,0.036513656,0.19838034
36440,0.046377234,0.7044711
36441,0.0047189584,0.6540044
36442,0.25193068,0.38511682
36443,0.089132644,0.9722739
36444,0.08270626,0.58775914
36445,0.08566626,0.3430264
36446,0.026231509,0.29500517
36447,0.012456807,0.019144088
36448,0.020673495,0.16325124
36449,0.51167005,0.9404714
36450,0.5191381,0.36316207
36451,0.09983099,0.19018045
36452,0.042777773,0.7224368
36453,0.49879265,0.46389666
36454,0.016495995,0.03023969
36455,0.04186923,0.14276104
36456,0.05337504,0.119467914
36457,0.011235843,0.027219584
36458,0.24349202,0.41303197
36459,0.024653032,0.052998602
36460,0.4174018,0.9251643
36461,0.48173514,0.31652582
36462,0.21908127,0.78741777
36463,0.005136501,0.31596282
36464,0.0062822443,0.10608056
36465,0.004936936,0.056529757
36466,0.18121992,0.5738361
36467,0.07855995,0.2934232
36468,0.017573565,0.041401908
36469,0.052733917,0.7612627
36470,0.35949937,0.77739245
36471,0.048711926,0.8027971
36472,0.019677201,0.039738476
36473,0.7095772,0.85212785
36474,0.90473187,0.9526783
36475,0.26727143,0.3988587
36476,0.80500156,0.6898042
36477,0.036535118,0.6240311
36478,0.42504904,0.51064426
36479,0.03259806,0.071841426
36480,0.086586274,0.77570325
36481,0.008212369,0.029644292
36482,0.07063916,0.915014
36483,0.12360237,0.2159368
36484,0.021776976,0.060263377
36485,0.2948256,0.8884475
36486,0.04591677,0.102609485
36487,0.01013785,0.14971583
36488,0.05769085,0.8077401
36489,0.1564587,0.5322026
36490,0.8683818,0.86555684
36491,0.0332166,0.8523075
36492,0.013685647,0.10548882
36493,0.65233296,0.9864342
36494,0.008322597,0.1549231
36495,0.8969475,0.92042124
36496,0.113011055,0.1237852
36497,0.008754119,0.035761625
36498,0.09363747,0.20956084
36499,0.09996567,0.9291877
36500,0.34570745,0.7136852
36501,0.07725603,0.09611916
36502,0.49457812,0.15394509
36503,0.108560465,0.76407236
36504,0.8212681,0.9851018
36505,0.19376291,0.24826476
36506,0.04086837,0.20694013
36507,0.24453765,0.18759623
36508,0.08962488,0.46566817
36509,0.9470112,0.96621853
36510,0.061763,0.23777059
36511,0.33248198,0.813533
36512,0.010431024,0.3029282
36513,0.034524202,0.085090876
36514,0.015330702,0.50435215
36515,0.03666423,0.03432844
36516,0.013782454,0.23640612
36517,0.006529285,0.076849654
36518,0.745865,0.21299373
36519,0.9940791,0.97190464
36520,0.026348673,0.037073445
36521,0.35591146,0.20010756
36522,0.42740893,0.6503274
36523,0.021499889,0.07967522
36524,0.006858683,0.08485884
36525,0.49928516,0.9064972
36526,0.037198037,0.94795007
36527,0.034477923,0.12200161
36528,0.73172003,0.678531
36529,0.59578866,0.947756
36530,0.2550515,0.2828374
36531,0.18752523,0.63754916
36532,0.46858874,0.8072812
36533,0.14152376,0.9180575
36534,0.11881668,0.010500897
36535,0.9765327,0.9694593
36536,0.011655894,0.049531177
36537,0.14107776,0.86373985
36538,0.038963318,0.6779463
36539,0.32098168,0.8867441
36540,0.01593108,0.13361622
36541,0.13491161,0.40586466
36542,0.23252203,0.66573274
36543,0.18101609,0.09314187
36544,0.40118867,0.85092
36545,0.31993526,0.5991228
36546,0.06171668,0.65448534
36547,0.97935313,0.958646
36548,0.39258894,0.9672943
36549,0.02000016,0.32264444
36550,0.013307036,0.19622588
36551,0.00845458,0.100884825
36552,0.44037074,0.9521795
36553,0.26178336,0.6569236
36554,0.0066594295,0.19829813
36555,0.3068513,0.45300153
36556,0.10381457,0.27269903
36557,0.01979409,0.07437015
36558,0.11297431,0.9452058
36559,0.27399734,0.71171147
36560,0.014954143,0.19303925
36561,0.06876275,0.5128363
36562,0.021462327,0.22015208
36563,0.0039993664,0.0104417745
36564,0.06847151,0.20461045
36565,0.03267223,0.05144844
36566,0.006353848,0.24009693
36567,0.08570704,0.15775104
36568,0.10151773,0.15180741
36569,0.18576886,0.2551905
36570,0.03050611,0.55742717
36571,0.14116122,0.12496466
36572,0.008991621,0.45949495
36573,0.26537958,0.23275486
36574,0.024089456,0.6830579
36575,0.02546655,0.6738158
36576,0.03365475,0.18449019
36577,0.005771889,0.042723387
36578,0.014835258,0.34996656
36579,0.12192288,0.96224904
36580,0.030096717,0.2829895
36581,0.027583856,0.6113398
36582,0.38961142,0.7355989
36583,0.07092954,0.1525663
36584,0.98138785,0.9972978
36585,0.9612765,0.3770108
36586,0.046297606,0.51478744
36587,0.039882503,0.01777657
36588,0.0027807201,0.5219503
36589,0.13325147,0.18048799
36590,0.029423952,0.0417513
36591,0.44171232,0.9749263
36592,0.012382863,0.98198825
36593,0.44806278,0.85484105
36594,0.16598551,0.43359876
36595,0.04748107,0.25681257
36596,0.021881292,0.17759137
36597,0.59442395,0.51257306
36598,0.073568135,0.61237055
36599,0.013998781,0.17121887
36600,0.015811667,0.05403608
36601,0.757683,0.7986085
36602,0.025999991,0.11142399
36603,0.03829383,0.082045846
36604,0.44459474,0.13833958
36605,0.06165329,0.084200054
36606,0.054264728,0.41028506
36607,0.009235578,0.965858
36608,0.05599343,0.16325155
36609,0.10906167,0.81242883
36610,0.20275891,0.7377465
36611,0.05186441,0.8681992
36612,0.9014595,0.9195748
36613,0.08311642,0.23208122
36614,0.059672683,0.13809778
36615,0.029761111,0.6352856
36616,0.072874576,0.18004844
36617,0.5610776,0.79632515
36618,0.38074654,0.9263744
36619,0.003251261,0.033758152
36620,0.00920285,0.1609554
36621,0.091891326,0.087365285
36622,0.16443211,0.29147214
36623,0.5594549,0.72914577
36624,0.35609874,0.89371526
36625,0.013029728,0.058735535
36626,0.6611968,0.14871657
36627,0.0043150997,0.24782285
36628,0.6761873,0.73620105
36629,0.016200516,0.30418748
36630,0.01795758,0.36781514
36631,0.01208422,0.3722376
36632,0.53637064,0.9882488
36633,0.033829793,0.7264806
36634,0.02701981,0.4034344
36635,0.18039198,0.18693577
36636,0.42405576,0.5317083
36637,0.26664352,0.23479241
36638,0.007994863,0.0346221
36639,0.010265414,0.7524395
36640,0.054672215,0.6502726
36641,0.16470537,0.91564274
36642,0.41982663,0.7406203
36643,0.8821478,0.96644986
36644,0.4734825,0.9873279
36645,0.32581124,0.96724486
36646,0.0014854501,0.7695636
36647,0.0763078,0.29961783
36648,0.15493323,0.80806357
36649,0.955316,0.94395614
36650,0.0242464,0.43454367
36651,0.058199435,0.060817074
36652,0.09032434,0.47041807
36653,0.025791172,0.6883867
36654,0.04607207,0.1972394
36655,0.089751564,0.10008238
36656,0.025604965,0.37332273
36657,0.096810356,0.2790441
36658,0.09389048,0.4768241
36659,0.014869509,0.3507032
36660,0.59212905,0.98999983
36661,0.043549687,0.0829868
36662,0.035467613,0.94013864
36663,0.063167706,0.37021637
36664,0.005407916,0.061987303
36665,0.23109335,0.86174583
36666,0.33353055,0.6019677
36667,0.24033776,0.91500896
36668,0.04957947,0.57115
36669,0.23213303,0.9841007
36670,0.0053814966,0.0205412
36671,0.6661011,0.8555593
36672,0.017285177,0.7077895
36673,0.9117907,0.8534998
36674,0.4465578,0.5082565
36675,0.052519634,0.2759785
36676,0.02802296,0.17314558
36677,0.06768386,0.3512973
36678,0.5263851,0.5135668
36679,0.08515085,0.22444545
36680,0.095569015,0.40716133
36681,0.82896525,0.16806597
36682,0.025975712,0.19500592
36683,0.190549,0.9393961
36684,0.0069054305,0.17043313
36685,0.3370183,0.91483253
36686,0.17729989,0.1276138
36687,0.01115314,0.7621052
36688,0.3007546,0.81860906
36689,0.033415504,0.20072816
36690,0.8711552,0.974063
36691,0.054538388,0.5449465
36692,0.16857004,0.26274347
36693,0.24701343,0.75962484
36694,0.02696462,0.063753195
36695,0.017085982,0.16909334
36696,0.08124457,0.10273917
36697,0.0020622695,0.018276736
36698,0.06003377,0.6094804
36699,0.103597574,0.38117713
36700,0.43903166,0.5418996
36701,0.050890367,0.10106125
36702,0.11003013,0.3362455
36703,0.005028834,0.32472697
36704,0.006043534,0.21810092
36705,0.0073644207,0.04874508
36706,0.040865794,0.7757581
36707,0.9450184,0.8972727
36708,0.06660299,0.10482311
36709,0.0454795,0.5543368
36710,0.20569503,0.86810994
36711,0.02625307,0.06840678
36712,0.020635149,0.18444945
36713,0.050339535,0.08821213
36714,0.01603649,0.11799148
36715,0.02440933,0.056662373
36716,0.06271276,0.20209076
36717,0.6905002,0.88190895
36718,0.044231243,0.6440048
36719,0.0232962,0.23148409
36720,0.16154432,0.22132884
36721,0.003437019,0.07902558
36722,0.36097938,0.9831372
36723,0.028157163,0.100625046
36724,0.9065113,0.9401301
36725,0.00876727,0.04270457
36726,0.034207087,0.9480067
36727,0.0024933277,0.023941156
36728,0.023953155,0.55432785
36729,0.014003363,0.04320166
36730,0.6436141,0.92286533
36731,0.55595344,0.19289188
36732,0.35716733,0.33654675
36733,0.0032422247,0.01591518
36734,0.017832505,0.05467791
36735,0.10086178,0.13455302
36736,0.003375114,0.103737056
36737,0.0811088,0.09543015
36738,0.4547231,0.90580887
36739,0.01629345,0.056363285
36740,0.13824277,0.18302837
36741,0.01961018,0.86231846
36742,0.1416464,0.7309005
36743,0.33078763,0.45111597
36744,0.04600495,0.13854681
36745,0.067900665,0.69171757
36746,0.8923938,0.87178373
36747,0.059593406,0.8952472
36748,0.95799583,0.984576
36749,0.47930893,0.92003936
36750,0.42572063,0.72206163
36751,0.5201548,0.39572287
36752,0.026076017,0.60717696
36753,0.1817505,0.8062802
36754,0.011827022,0.08546063
36755,0.69873327,0.58049434
36756,0.3019105,0.5049885
36757,0.022132264,0.5606283
36758,0.032978185,0.33842123
36759,0.12868722,0.20700754
36760,0.07833858,0.27270848
36761,0.017707521,0.0797087
36762,0.088845804,0.9794527
36763,0.21658963,0.45562348
36764,0.09175956,0.110783406
36765,0.18663608,0.9402034
36766,0.031128483,0.9449094
36767,0.015361627,0.86456805
36768,0.850149,0.69801754
36769,0.9355479,0.84152246
36770,0.010689314,0.049525563
36771,0.0070487037,0.25363016
36772,0.21381558,0.07037706
36773,0.035307467,0.0880864
36774,0.0056471056,0.29418054
36775,0.012813672,0.18824396
36776,0.797366,0.5874604
36777,0.03231399,0.5835356
36778,0.045990337,0.10072559
36779,0.018346926,0.22535229
36780,0.023200328,0.040423874
36781,0.28178945,0.77457845
36782,0.32184064,0.84877896
36783,0.11706427,0.69090664
36784,0.07416326,0.024953557
36785,0.037563477,0.4232172
36786,0.14703323,0.9760631
36787,0.018894562,0.6902951
36788,0.11527333,0.27132142
36789,0.39581034,0.9230321
36790,0.016800992,0.019654825
36791,0.45460787,0.5049542
36792,0.027426474,0.069567926
36793,0.07989327,0.025391394
36794,0.2926226,0.08901125
36795,0.38577187,0.5526994
36796,0.009057506,0.51344895
36797,0.0077846046,0.088839434
36798,0.10332322,0.8021807
36799,0.05128288,0.41075218
36800,0.11828653,0.6397456
36801,0.043956928,0.9396278
36802,0.2569235,0.14318268
36803,0.060109813,0.88706845
36804,0.09833357,0.20207958
36805,0.0017910004,0.008485941
36806,0.01542479,0.368689
36807,0.017306743,0.12990366
36808,0.45318606,0.90018094
36809,0.08155444,0.38653055
36810,0.1102016,0.23890342
36811,0.37746093,0.78283614
36812,0.66704786,0.90629816
36813,0.115759276,0.26090714
36814,0.12103294,0.9851419
36815,0.28431004,0.67002165
36816,0.0116487,0.7039575
36817,0.16976582,0.7927388
36818,0.06364235,0.7651262
36819,0.28799886,0.69770217
36820,0.78313625,0.11127978
36821,0.022037063,0.41098773
36822,0.07086771,0.16324213
36823,0.059031382,0.13250288
36824,0.7264455,0.9379062
36825,0.48603374,0.6375576
36826,0.020412667,0.11246831
36827,0.4743192,0.74851114
36828,0.20031846,0.75641423
36829,0.42585132,0.8887571
36830,0.8993119,0.9157806
36831,0.039752327,0.30533782
36832,0.04958219,0.83194965
36833,0.23216535,0.7816115
36834,0.1712951,0.23216659
36835,0.049065173,0.10032635
36836,0.012560967,0.05352358
36837,0.0071224873,0.044292495
36838,0.5800374,0.7749426
36839,0.100874856,0.25180638
36840,0.5874142,0.7714996
36841,0.03640141,0.04033179
36842,0.017460302,0.1239903
36843,0.0147228995,0.021882033
36844,0.0056740656,0.050471477
36845,0.01457718,0.31521863
36846,0.06473207,0.8886274
36847,0.2911925,0.6511038
36848,0.29511592,0.9489395
36849,0.03774055,0.1802072
36850,0.005124108,0.19377077
36851,0.0113669485,0.014657573
36852,0.0013914865,0.033199616
36853,0.3823045,0.79677534
36854,0.9714919,0.97616833
36855,0.076173924,0.29772866
36856,0.0598374,0.15011609
36857,0.030106893,0.6512739
36858,0.009855732,0.038785044
36859,0.38706547,0.5913296
36860,0.016708659,0.48833314
36861,0.032133326,0.12604263
36862,0.030707575,0.6751606
36863,0.008852002,0.1534304
36864,0.11594557,0.9513889
36865,0.0084000835,0.02461207
36866,0.008329923,0.06503098
36867,0.03441999,0.081037074
36868,0.78448546,0.9639996
36869,0.24562159,0.9082245
36870,0.0723037,0.024269197
36871,0.6384367,0.9657319
36872,0.06875359,0.2857127
36873,0.060881473,0.12120751
36874,0.19745462,0.061802
36875,0.053144906,0.20567392
36876,0.09913593,0.26435003
36877,0.0032513877,0.22696272
36878,0.37242302,0.7398893
36879,0.3638444,0.09091216
36880,0.03166297,0.94254297
36881,0.044830818,0.5352841
36882,0.026942953,0.026236448
36883,0.9484657,0.89482903
36884,0.0016961172,0.01939624
36885,0.1261559,0.19273472
36886,0.060755603,0.16807665
36887,0.15097031,0.2215406
36888,0.6903088,0.8032188
36889,0.4257919,0.7075747
36890,0.026814353,0.5849844
36891,0.15658471,0.8444166
36892,0.14075989,0.72475034
36893,0.024358658,0.98491216
36894,0.042184703,0.10178476
36895,0.9579639,0.98385435
36896,0.77842903,0.9645087
36897,0.089940526,0.106374316
36898,0.576052,0.24832375
36899,0.5440852,0.7898326
36900,0.013882756,0.08667413
36901,0.37935266,0.30490142
36902,0.40347397,0.92012453
36903,0.05217553,0.741794
36904,0.042805582,0.35380778
36905,0.0060211155,0.052358802
36906,0.0080338875,0.01687975
36907,0.8445616,0.9777118
36908,0.039815765,0.2031459
36909,0.4053221,0.3522378
36910,0.11131583,0.22382155
36911,0.024692377,0.9729802
36912,0.009968993,0.0710671
36913,0.028139194,0.15443756
36914,0.040785242,0.2240685
36915,0.3188068,0.3750565
36916,0.024094759,0.048230313
36917,0.099424414,0.62552446
36918,0.14009364,0.6337557
36919,0.011276797,0.112798125
36920,0.2928388,0.7010094
36921,0.014561838,0.12593187
36922,0.29450554,0.9063752
36923,0.20376185,0.58892256
36924,0.83856285,0.8483241
36925,0.01999996,0.11683827
36926,0.09350659,0.25530052
36927,0.91550094,0.116620764
36928,0.007068489,0.06803897
36929,0.02065308,0.20339528
36930,0.22472073,0.40199056
36931,0.15825906,0.24466786
36932,0.009744558,0.13651913
36933,0.037966516,0.9204352
36934,0.016271347,0.041686434
36935,0.20535333,0.13126107
36936,0.003103272,0.0206369
36937,0.36564663,0.27879903
36938,0.12172094,0.68786126
36939,0.045044977,0.6431789
36940,0.61648303,0.83153415
36941,0.020473383,0.14867236
36942,0.046576902,0.09521612
36943,0.05285804,0.2395662
36944,0.28658283,0.32016248
36945,0.010810018,0.08775634
36946,0.1245177,0.088088736
36947,0.08971001,0.049771722
36948,0.044819314,0.5120093
36949,0.016997289,0.010368073
36950,0.22390378,0.07435254
36951,0.0034989766,0.25260046
36952,0.0033549883,0.011126026
36953,0.70301,0.72104347
36954,0.07351997,0.81462777
36955,0.25662205,0.2818952
36956,0.057084616,0.6652212
36957,0.1851034,0.39653397
36958,0.034748968,0.0706502
36959,0.8868755,0.97153014
36960,0.048294477,0.5535732
36961,0.008426621,0.2982445
36962,0.08008367,0.539551
36963,0.21415003,0.4897519
36964,0.9291825,0.9393472
36965,0.019688098,0.0350472
36966,0.0031462873,0.33582744
36967,0.0046251346,0.05910703
36968,0.20362866,0.9486683
36969,0.3819652,0.7581097
36970,0.039394718,0.06839517
36971,0.9610022,0.95748454
36972,0.49302682,0.61169547
36973,0.050715216,0.70977706
36974,0.87769395,0.9636974
36975,0.0007088978,0.25592947
36976,0.023609625,0.068033874
36977,0.022393532,0.9037361
36978,0.0069915457,0.34544796
36979,0.05718302,0.15425451
36980,0.015616651,0.11378022
36981,0.7453267,0.12800965
36982,0.007421889,0.061123602
36983,0.47595748,0.65555924
36984,0.1491933,0.5736137
36985,0.7516839,0.9777917
36986,0.10721819,0.27293682
36987,0.42665246,0.20961383
36988,0.9148844,0.79349685
36989,0.33795518,0.9042924
36990,0.36840057,0.64510065
36991,0.020612001,0.647817
36992,0.10960426,0.13447385
36993,0.4152298,0.95099163
36994,0.038219277,0.41194957
36995,0.32173902,0.33448654
36996,0.05893846,0.028576823
36997,0.3037591,0.8267941
36998,0.1227409,0.064399645
36999,0.099627316,0.62749577
37000,0.7650429,0.85358113
37001,0.023623288,0.78118265
37002,0.24190898,0.07855146
37003,0.014841315,0.019004412
37004,0.639134,0.16773175
37005,0.28902054,0.6808482
37006,0.88389975,0.98577183
37007,0.016168877,0.032481026
37008,0.27371606,0.29003966
37009,0.20237553,0.9454634
37010,0.28204238,0.63553214
37011,0.06605447,0.37757552
37012,0.8798921,0.8887432
37013,0.021249762,0.04149253
37014,0.0034465182,0.08912562
37015,0.0036627706,0.02765954
37016,0.02094389,0.07450448
37017,0.14952481,0.6845046
37018,0.009686286,0.95267564
37019,0.14225821,0.88415116
37020,0.018662628,0.3723438
37021,0.38902196,0.45694813
37022,0.19926141,0.14350948
37023,0.691698,0.69102126
37024,0.98151314,0.79261893
37025,0.032321967,0.1748768
37026,0.0032487896,0.120660536
37027,0.060550857,0.11180073
37028,0.36972463,0.9900911
37029,0.021355784,0.5693281
37030,0.028855322,0.17449257
37031,0.14761914,0.020636499
37032,0.6033642,0.56630766
37033,0.8829789,0.60506666
37034,0.004027982,0.029185709
37035,0.0047914637,0.009353341
37036,0.17224196,0.06801968
37037,0.6269884,0.5419318
37038,0.050837006,0.09685852
37039,0.16008256,0.87016463
37040,0.0029091255,0.22081867
37041,0.004133752,0.08013712
37042,0.021149803,0.087925084
37043,0.10425193,0.24588723
37044,0.05313062,0.65414995
37045,0.023159856,0.028159525
37046,0.98313487,0.88430077
37047,0.02300683,0.058478586
37048,0.9647446,0.96476984
37049,0.30748138,0.9398846
37050,0.18897147,0.9514667
37051,0.0167657,0.110215805
37052,0.06674061,0.26770794
37053,0.0119726965,0.119714886
37054,0.013466331,0.7209485
37055,0.14848416,0.7690577
37056,0.020151796,0.24362169
37057,0.0032697998,0.113627486
37058,0.025400534,0.05713701
37059,0.09489657,0.04770103
37060,0.059595734,0.17646892
37061,0.22074385,0.6444733
37062,0.30565757,0.26020953
37063,0.19971807,0.05100163
37064,0.0073728366,0.6891019
37065,0.036804397,0.8302021
37066,0.069760785,0.57913035
37067,0.37656888,0.7970661
37068,0.07234179,0.42694193
37069,0.13270545,0.12184991
37070,0.23504902,0.8039977
37071,0.8905131,0.9535802
37072,0.046146777,0.2583705
37073,0.020154282,0.38333693
37074,0.071416736,0.7845198
37075,0.12068467,0.014382992
37076,0.3368718,0.71684
37077,0.12822357,0.33727062
37078,0.028035313,0.9705733
37079,0.058197267,0.12942317
37080,0.116070494,0.7295612
37081,0.10190839,0.39979
37082,0.2722684,0.90076286
37083,0.7383408,0.6046541
37084,0.11448956,0.21036717
37085,0.10202671,0.69707733
37086,0.08137757,0.53483635
37087,0.5744555,0.16395731
37088,0.011767109,0.093677916
37089,0.25180945,0.29634252
37090,0.24301833,0.59816444
37091,0.7570298,0.9309294
37092,0.05303624,0.1633077
37093,0.0060821613,0.103415035
37094,0.0061015687,0.07376029
37095,0.01656551,0.066558346
37096,0.08928493,0.9400889
37097,0.044291515,0.64124644
37098,0.62029976,0.8190741
37099,0.06898274,0.5660725
37100,0.020871412,0.036387045
37101,0.08469547,0.95771635
37102,0.04923017,0.17017342
37103,0.014551127,0.7761335
37104,0.019556055,0.71150017
37105,0.51564145,0.6236558
37106,0.0068536308,0.13149574
37107,0.36875486,0.8204542
37108,0.018594557,0.07978816
37109,0.16681361,0.62653536
37110,0.0055155186,0.113778085
37111,0.67120856,0.59515965
37112,0.034758598,0.479221
37113,0.457675,0.6215269
37114,0.7759476,0.94970363
37115,0.20454895,0.46515143
37116,0.45762077,0.5446812
37117,0.018000921,0.038898185
37118,0.057648934,0.04316847
37119,0.0024036362,0.033500925
37120,0.11886842,0.026706042
37121,0.092935376,0.06819267
37122,0.02292212,0.06080317
37123,0.15844265,0.22555299
37124,0.06769654,0.040747434
37125,0.15652339,0.71610945
37126,0.009751025,0.1459302
37127,0.032412887,0.061050598
37128,0.02136368,0.742878
37129,0.7085525,0.9176191
37130,0.811441,0.989861
37131,0.09003102,0.3329429
37132,0.62093574,0.9884421
37133,0.010388045,0.9160242
37134,0.26447305,0.9141114
37135,0.9790621,0.9959894
37136,0.22958228,0.5816171
37137,0.28910717,0.8851731
37138,0.7007989,0.8733163
37139,0.03844386,0.7393564
37140,0.15575904,0.38627702
37141,0.040161014,0.27337092
37142,0.07186801,0.0213048
37143,0.021004345,0.009073866
37144,0.85344195,0.9059562
37145,0.09207662,0.8666973
37146,0.0411467,0.6243644
37147,0.6046312,0.7910914
37148,0.019145712,0.3508066
37149,0.014603678,0.71030617
37150,0.32726043,0.57865924
37151,0.007075209,0.8699389
37152,0.46574813,0.57869893
37153,0.10225989,0.37460378
37154,0.1045645,0.2031748
37155,0.9231103,0.9850749
37156,0.28828895,0.72631323
37157,0.009589735,0.17537475
37158,0.37640294,0.3639164
37159,0.43632954,0.7013419
37160,0.06833309,0.1329415
37161,0.023531405,0.86226916
37162,0.13595238,0.84516275
37163,0.10155957,0.092961244
37164,0.1205691,0.14253277
37165,0.01896613,0.82418466
37166,0.018035423,0.1270009
37167,0.010417552,0.428327
37168,0.077249914,0.46326274
37169,0.00782375,0.51593316
37170,0.3909707,0.1582063
37171,0.009224057,0.6941941
37172,0.7218085,0.8786804
37173,0.037629638,0.9547741
37174,0.035971843,0.645236
37175,0.681569,0.040703136
37176,0.905112,0.9377404
37177,0.16676767,0.96682477
37178,0.17111593,0.19306128
37179,0.5772403,0.9215411
37180,0.0241789,0.9698076
37181,0.68136543,0.55800474
37182,0.42022026,0.14947687
37183,0.04049359,0.958179
37184,0.28129616,0.5347256
37185,0.7284874,0.85999274
37186,0.13539696,0.7441162
37187,0.1412459,0.24578144
37188,0.006207134,0.5640738
37189,0.023006333,0.9481116
37190,0.04881078,0.16547261
37191,0.7576399,0.2438821
37192,0.06641843,0.14980337
37193,0.06840592,0.18433876
37194,0.07563937,0.7032082
37195,0.045393504,0.10988808
37196,0.011917246,0.06282517
37197,0.88960654,0.9416647
37198,0.15529142,0.26687217
37199,0.086976245,0.6015814
37200,0.07207814,0.0095892465
37201,0.01402998,0.50492954
37202,0.05441973,0.9516932
37203,0.0074515496,0.7994727
37204,0.008230647,0.064395666
37205,0.0018882342,0.058620255
37206,0.0074524563,0.14475489
37207,0.053048216,0.03808511
37208,0.10679101,0.16065207
37209,0.2629234,0.48719963
37210,0.9084786,0.77424425
37211,0.12355105,0.5797795
37212,0.08041066,0.29908994
37213,0.7714109,0.96546614
37214,0.0002826058,0.031676885
37215,0.17831632,0.42828658
37216,0.9910501,0.99515015
37217,0.28968284,0.5164219
37218,0.026791502,0.43366206
37219,0.038906526,0.05531808
37220,0.052088387,0.1635696
37221,0.3358184,0.8183061
37222,0.052002694,0.33776262
37223,0.6504508,0.60747594
37224,0.13473481,0.63361347
37225,0.04076946,0.20877963
37226,0.14706805,0.3943915
37227,0.04333816,0.83516604
37228,0.19211343,0.050226975
37229,0.31474707,0.7690787
37230,0.47468486,0.9463176
37231,0.2942007,0.8523023
37232,0.02389186,0.02086662
37233,0.12801637,0.14981344
37234,0.27985144,0.12904942
37235,0.01376136,0.6874219
37236,0.017736299,0.6363608
37237,0.05089288,0.13266933
37238,0.54139096,0.37380403
37239,0.18747762,0.8514783
37240,0.0352681,0.7786105
37241,0.095821194,0.12163868
37242,0.07240314,0.94705343
37243,0.03340959,0.890291
37244,0.20380285,0.7705442
37245,0.8527204,0.9897635
37246,0.12473511,0.53661734
37247,0.016858028,0.9203808
37248,0.03389872,0.13210703
37249,0.7604564,0.7618674
37250,0.085894905,0.4402683
37251,0.10292959,0.08026144
37252,0.005371883,0.06362087
37253,0.025269229,0.75997734
37254,0.4747641,0.7426414
37255,0.65285754,0.94166565
37256,0.16817737,0.2501195
37257,0.3896993,0.8224736
37258,0.3095394,0.48136306
37259,0.030860439,0.14090851
37260,0.0075771012,0.20161504
37261,0.426419,0.75894296
37262,0.019683056,0.67738193
37263,0.033354715,0.1806407
37264,0.0060425685,0.12390968
37265,0.0039161085,0.6443652
37266,0.5743244,0.74663544
37267,0.100606926,0.6826962
37268,0.10836027,0.94872344
37269,0.0060833436,0.6675364
37270,0.0776062,0.40539396
37271,0.321753,0.99240017
37272,0.010546667,0.039299514
37273,0.11694788,0.1691416
37274,0.2761422,0.07478499
37275,0.010655743,0.14689693
37276,0.032366022,0.23381653
37277,0.015816238,0.03438754
37278,0.6850773,0.9653795
37279,0.37005487,0.92324096
37280,0.13588491,0.89564604
37281,0.049263258,0.79837686
37282,0.52281314,0.98581994
37283,0.015580363,0.14894195
37284,0.00164632,0.07738992
37285,0.005132981,0.09867486
37286,0.0930868,0.97766256
37287,0.07435151,0.22392446
37288,0.3740904,0.89209247
37289,0.039705012,0.4133603
37290,0.90580386,0.9605906
37291,0.8074614,0.86531335
37292,0.26927575,0.47363016
37293,0.88820654,0.97201806
37294,0.0041761277,0.023924297
37295,0.0053107264,0.3666016
37296,0.048338395,0.63682675
37297,0.002118773,0.36445427
37298,0.22615182,0.96471757
37299,0.10423472,0.12387298
37300,0.0062422855,0.22901891
37301,0.05161837,0.47244123
37302,0.11542139,0.9789786
37303,0.63644993,0.42214695
37304,0.029269485,0.021423617
37305,0.013357405,0.36980283
37306,0.004504974,0.015878486
37307,0.070666544,0.5075934
37308,0.73917997,0.72332555
37309,0.087395236,0.71717286
37310,0.02930852,0.81133085
37311,0.0027401652,0.08328972
37312,0.011441529,0.021652281
37313,0.1442497,0.77733207
37314,0.49505943,0.60772586
37315,0.10879884,0.922705
37316,0.016730186,0.42449057
37317,0.39676744,0.6387114
37318,0.0040545515,0.074672595
37319,0.15886542,0.8677251
37320,0.16217794,0.34637043
37321,0.0025116487,0.032645483
37322,0.24626097,0.23039396
37323,0.3671768,0.54513663
37324,0.8925817,0.4773166
37325,0.032131154,0.8335847
37326,0.017500052,0.73597026
37327,0.0054784096,0.030797943
37328,0.07942034,0.43312493
37329,0.48881334,0.8840883
37330,0.006260346,0.32111573
37331,0.039289642,0.15056467
37332,0.06030537,0.42218167
37333,0.05897707,0.2127848
37334,0.09098066,0.13268822
37335,0.0026680036,0.1640776
37336,0.20565362,0.26511165
37337,0.0011951443,0.07663017
37338,0.022739878,0.85350144
37339,0.017957,0.024580466
37340,0.18517956,0.57498956
37341,0.5390606,0.030700944
37342,0.023102487,0.5153455
37343,0.16820203,0.9443753
37344,0.010171592,0.24514806
37345,0.88341326,0.8642151
37346,0.017099,0.058715846
37347,0.034798842,0.070404746
37348,0.038292445,0.6352266
37349,0.018538833,0.6240748
37350,0.05825719,0.24610093
37351,0.019558568,0.04978661
37352,0.121960275,0.22440238
37353,0.48102584,0.88237774
37354,0.14003554,0.39533624
37355,0.08287369,0.05021851
37356,0.017400954,0.071465224
37357,0.038682815,0.1782192
37358,0.07685381,0.7017482
37359,0.3084038,0.1603528
37360,0.00084392715,0.026400497
37361,0.024104116,0.04436739
37362,0.026808772,0.5429901
37363,0.4442678,0.88080525
37364,0.076927766,0.114529215
37365,0.019869952,0.033636205
37366,0.89268947,0.74624383
37367,0.2912509,0.44809848
37368,0.053098075,0.82335794
37369,0.0057968656,0.63634807
37370,0.0064136377,0.29328904
37371,0.09249366,0.24741003
37372,0.26951945,0.6371542
37373,0.21976146,0.18068387
37374,0.12865783,0.13254324
37375,0.032443337,0.10439486
37376,0.7482337,0.6729533
37377,0.0345517,0.19395855
37378,0.023263438,0.19739418
37379,0.0041544167,0.18544382
37380,0.9615138,0.9441177
37381,0.24019675,0.8734556
37382,0.10557376,0.9830626
37383,0.17967492,0.60846853
37384,0.024764694,0.09853836
37385,0.01309331,0.69314474
37386,0.08003939,0.5124306
37387,0.042149037,0.8057504
37388,0.15780672,0.6091246
37389,0.7242661,0.79867834
37390,0.06626051,0.06177465
37391,0.016727518,0.9429317
37392,0.3474643,0.48006007
37393,0.15320607,0.73354846
37394,0.1100365,0.06665453
37395,0.43442735,0.58958983
37396,0.051364895,0.28254694
37397,0.19721903,0.32156575
37398,0.120215945,0.5846232
37399,0.011263317,0.050385155
37400,0.06651349,0.4391691
37401,0.9644836,0.91049933
37402,0.22110662,0.16006392
37403,0.775612,0.16871588
37404,0.12393877,0.16389795
37405,0.26073253,0.9872372
37406,0.024502574,0.6405775
37407,0.09912075,0.9280654
37408,0.0084146885,0.8039488
37409,0.37155253,0.5360323
37410,0.11447193,0.41291618
37411,0.19462772,0.9344528
37412,0.024527954,0.079639174
37413,0.027119536,0.21347736
37414,0.023129195,0.03694398
37415,0.83631104,0.95399916
37416,0.020839961,0.16281737
37417,0.40582365,0.20478334
37418,0.21868943,0.5254201
37419,0.009513392,0.03240021
37420,0.19273981,0.80050737
37421,0.0016387235,0.095254295
37422,0.027300468,0.062890455
37423,0.021748876,0.4576897
37424,0.34068477,0.57027996
37425,0.045982208,0.22647488
37426,0.1585813,0.35863435
37427,0.093562566,0.15782036
37428,0.07731515,0.49436775
37429,0.0008831565,0.03046775
37430,0.8917163,0.8607494
37431,0.020889228,0.5215809
37432,0.010945997,0.065605775
37433,0.15805638,0.6960358
37434,0.6274283,0.8625614
37435,0.065712504,0.73416376
37436,0.13973366,0.8763841
37437,0.03761536,0.029684873
37438,0.0035242222,0.016661415
37439,0.13404684,0.3982895
37440,0.23361067,0.74439025
37441,0.009651753,0.22887006
37442,0.023259386,0.41713575
37443,0.008558436,0.07447817
37444,0.71076906,0.916103
37445,0.15676016,0.7645856
37446,0.7533838,0.9847178
37447,0.028396565,0.22280271
37448,0.15092582,0.62606674
37449,0.022369359,0.033245247
37450,0.011723379,0.039181784
37451,0.54054487,0.93896866
37452,0.018661022,0.5174218
37453,0.74220246,0.9837113
37454,0.29659244,0.901136
37455,0.5314314,0.28537455
37456,0.022353945,0.8315927
37457,0.7933988,0.9775695
37458,0.04843721,0.09925274
37459,0.60163814,0.18313316
37460,0.035137337,0.36898613
37461,0.92785907,0.9580075
37462,0.020880472,0.1458719
37463,0.14036372,0.3893403
37464,0.029693596,0.8537554
37465,0.07150146,0.9293285
37466,0.42701238,0.90951186
37467,0.0049006366,0.14450811
37468,0.020718932,0.25603235
37469,0.033977006,0.27246892
37470,0.022283843,0.071948044
37471,0.21929795,0.96533537
37472,0.04922003,0.8810338
37473,0.0056655495,0.04402705
37474,0.16255909,0.23373096
37475,0.07357628,0.5087441
37476,0.73250043,0.9001652
37477,0.21920659,0.636968
37478,0.014412507,0.90139294
37479,0.027756136,0.029890306
37480,0.0029702203,0.2676404
37481,0.8411778,0.87912333
37482,0.007089927,0.035149325
37483,0.06419911,0.23494445
37484,0.70702285,0.96571386
37485,0.148069,0.931969
37486,0.2602426,0.25390354
37487,0.014069367,0.46088582
37488,0.016494688,0.024182824
37489,0.01705449,0.21448927
37490,0.063990325,0.6976116
37491,0.023410473,0.61526245
37492,0.016069178,0.80095565
37493,0.0035580907,0.05139105
37494,0.2662666,0.34201458
37495,0.22304419,0.59267527
37496,0.16529281,0.9386823
37497,0.0030787387,0.029735388
37498,0.042026434,0.6791358
37499,0.015051045,0.01190164
37500,0.13983004,0.6953509
37501,0.026773809,0.19349101
37502,0.8197956,0.89530563
37503,0.0019940853,0.022764321
37504,0.072926804,0.7533391
37505,0.35357162,0.8624485
37506,0.004499858,0.05134071
37507,0.012917829,0.091089465
37508,0.6728447,0.82516474
37509,0.038806267,0.1953352
37510,0.18554375,0.88571
37511,0.01984552,0.059969127
37512,0.10334489,0.6615306
37513,0.06416645,0.17012489
37514,0.01191422,0.17874943
37515,0.0153306,0.11369552
37516,0.03506767,0.0999715
37517,0.05149076,0.96281713
37518,0.010023928,0.021787552
37519,0.012113622,0.32787344
37520,0.17151296,0.9022943
37521,0.061234765,0.046770804
37522,0.0361999,0.13614693
37523,0.12527776,0.49687374
37524,0.37366456,0.8128069
37525,0.26723647,0.08644723
37526,0.0101481,0.8263805
37527,0.047333747,0.07164192
37528,0.060312152,0.32373276
37529,0.015669767,0.6814888
37530,0.04884939,0.9917184
37531,0.004657227,0.022971291
37532,0.0074198656,0.85823965
37533,0.012191623,0.027688006
37534,0.04850233,0.039643098
37535,0.5077166,0.49853933
37536,0.006109523,0.080997065
37537,0.04724819,0.7490781
37538,0.007880232,0.03504874
37539,0.050189964,0.562107
37540,0.01740216,0.087524116
37541,0.007273595,0.003600088
37542,0.6978265,0.76079696
37543,0.44487405,0.90845025
37544,0.038529065,0.8103467
37545,0.68247867,0.26347825
37546,0.019418191,0.5762309
37547,0.8532634,0.9164039
37548,0.020451285,0.77487975
37549,0.31178108,0.9248547
37550,0.06524373,0.30351758
37551,0.124704346,0.059590068
37552,0.11209789,0.6049487
37553,0.054345332,0.6156771
37554,0.003498461,0.1624717
37555,0.14098617,0.52837324
37556,0.083119236,0.3328199
37557,0.020395087,0.087884955
37558,0.17924142,0.74873143
37559,0.03702484,0.6955252
37560,0.03994746,0.75911516
37561,0.015284213,0.7072961
37562,0.39784965,0.11751108
37563,0.029754106,0.72958016
37564,0.047145713,0.6794291
37565,0.055257842,0.58281964
37566,0.3193576,0.26666826
37567,0.21651638,0.7881221
37568,0.07690939,0.3735356
37569,0.071787566,0.1011475
37570,0.9100415,0.99042153
37571,0.28074786,0.53697664
37572,0.14350928,0.5430576
37573,0.02095019,0.12687626
37574,0.01746948,0.16253157
37575,0.023273474,0.2727553
37576,0.1523724,0.92699015
37577,0.013858988,0.21424308
37578,0.122995704,0.05265563
37579,0.2651348,0.6318872
37580,0.046824872,0.090294525
37581,0.027726272,0.15522955
37582,0.028057482,0.6033586
37583,0.027225625,0.32252014
37584,0.041230444,0.061773747
37585,0.03145621,0.069006294
37586,0.034712315,0.6822023
37587,0.93937325,0.980889
37588,0.12884444,0.19154482
37589,0.15980102,0.3559911
37590,0.007945561,0.09893838
37591,0.30060768,0.7451828
37592,0.08742019,0.5886945
37593,0.36262122,0.78018105
37594,0.23368044,0.9163902
37595,0.14610358,0.47773522
37596,0.074957065,0.43887618
37597,0.033364024,0.7534656
37598,0.030583618,0.37189507
37599,0.013529074,0.036538668
37600,0.10389495,0.4458136
37601,0.0026013202,0.5833935
37602,0.008777341,0.13425921
37603,0.6828276,0.7594828
37604,0.12867282,0.15305921
37605,0.5359191,0.76255184
37606,0.08812617,0.29967955
37607,0.009871822,0.37537143
37608,0.002556102,0.21748611
37609,0.0074052922,0.7672398
37610,0.22854707,0.19819264
37611,0.17857926,0.2150654
37612,0.04661106,0.9490124
37613,0.751244,0.9682837
37614,0.3712773,0.9042132
37615,0.020828905,0.073019005
37616,0.75435156,0.038209155
37617,0.13958587,0.10356734
37618,0.029088711,0.08918562
37619,0.017093135,0.027797665
37620,0.37138242,0.3637971
37621,0.0044024657,0.9731919
37622,0.013056325,0.70936054
37623,0.017181145,0.4643477
37624,0.8642251,0.9896941
37625,0.03679213,0.8907701
37626,0.28671506,0.7282009
37627,0.021078205,0.20312844
37628,0.07920573,0.95000553
37629,0.0017956313,0.042346716
37630,0.076989464,0.032626342
37631,0.03670262,0.32356438
37632,0.12964101,0.901815
37633,0.19573711,0.32706717
37634,0.08949053,0.04602221
37635,0.011263174,0.45975167
37636,0.5490856,0.44965833
37637,0.041021466,0.5165527
37638,0.07360911,0.09152926
37639,0.114593714,0.51686335
37640,0.4709196,0.912502
37641,0.053393133,0.90388525
37642,0.50087136,0.9710381
37643,0.16524917,0.8278993
37644,0.14067414,0.32990497
37645,0.040730953,0.7942581
37646,0.13497962,0.86942834
37647,0.018096976,0.03419033
37648,0.2890209,0.6000637
37649,0.013314964,0.43515626
37650,0.22126675,0.8387263
37651,0.008001533,0.97483295
37652,0.7544026,0.93277574
37653,0.037019774,0.75875413
37654,0.02928822,0.15322532
37655,0.99059254,0.8512421
37656,0.012731539,0.9631663
37657,0.06323607,0.15045322
37658,0.039715677,0.46186438
37659,0.0014653291,0.01988363
37660,0.070981465,0.36002684
37661,0.119375825,0.55651265
37662,0.018462053,0.932421
37663,0.27868786,0.5460478
37664,0.008206022,0.060706045
37665,0.016133621,0.19046439
37666,0.4427078,0.8062511
37667,0.117594786,0.36726335
37668,0.030487511,0.382827
37669,0.038741328,0.7140348
37670,0.038062807,0.6618104
37671,0.016668815,0.028711226
37672,0.20326014,0.05851465
37673,0.059377175,0.03834996
37674,0.010563419,0.31220654
37675,0.3937939,0.42597738
37676,0.02260543,0.076347806
37677,0.001297324,0.076370604
37678,0.055720977,0.1352262
37679,0.024646336,0.7410829
37680,0.012310576,0.10832799
37681,0.63120776,0.43717816
37682,0.16415985,0.26369464
37683,0.11886874,0.6395335
37684,0.07268667,0.16950439
37685,0.09671054,0.29362285
37686,0.2124774,0.2606119
37687,0.02172017,0.097451866
37688,0.0013503483,0.033876847
37689,0.71604466,0.64819163
37690,0.18285705,0.31872162
37691,0.8436042,0.95769376
37692,0.04961808,0.15855296
37693,0.4078868,0.8574882
37694,0.010170061,0.25970522
37695,0.9120148,0.88484484
37696,0.4784881,0.8936203
37697,0.07858305,0.44837382
37698,0.5241524,0.4864366
37699,0.02038213,0.08284742
37700,0.09913139,0.42840165
37701,0.18035085,0.85413414
37702,0.12512703,0.51587486
37703,0.5100955,0.14475058
37704,0.034179058,0.71889055
37705,0.7192989,0.81966865
37706,0.08888526,0.10131842
37707,0.0028828362,0.017919963
37708,0.49444857,0.969442
37709,0.83904773,0.9623157
37710,0.06637164,0.52342117
37711,0.06912909,0.1785655
37712,0.07991981,0.47796208
37713,0.016627152,0.98580396
37714,0.7321735,0.96475786
37715,0.37977043,0.9324845
37716,0.21961294,0.49818167
37717,0.92509156,0.97118604
37718,0.10524693,0.92363906
37719,0.9443047,0.97069114
37720,0.10766071,0.44276312
37721,0.005989592,0.80165267
37722,0.04646274,0.9611325
37723,0.82047975,0.9733054
37724,0.05687436,0.7516201
37725,0.03428823,0.519428
37726,0.11969414,0.100594714
37727,0.15025894,0.29192048
37728,0.21147884,0.3812564
37729,0.9084788,0.894379
37730,0.056935098,0.7650255
37731,0.0392544,0.35447425
37732,0.34530398,0.5564269
37733,0.8874582,0.83402544
37734,0.33887726,0.62144697
37735,0.046635292,0.14731064
37736,0.50741905,0.8232529
37737,0.103577025,0.11951929
37738,0.02147557,0.5677577
37739,0.9390174,0.82891184
37740,0.8960532,0.9753945
37741,0.09422081,0.7218518
37742,0.39986813,0.5679654
37743,0.24616742,0.77367413
37744,0.03167893,0.07458587
37745,0.097177714,0.9783976
37746,0.16198705,0.54717207
37747,0.05418917,0.08651178
37748,0.032151014,0.73454016
37749,0.9209193,0.9202705
37750,0.2059677,0.57226586
37751,0.063526034,0.052980255
37752,0.96049786,0.9700871
37753,0.056356486,0.096790925
37754,0.031196678,0.22677693
37755,0.481416,0.7841152
37756,0.0104128085,0.11719694
37757,0.2039256,0.22179256
37758,0.12690876,0.12458022
37759,0.0090578105,0.0075214584
37760,0.06030745,0.75324064
37761,0.038556654,0.40714422
37762,0.881552,0.9039199
37763,0.020337455,0.09703391
37764,0.08476592,0.8207787
37765,0.064273894,0.23126931
37766,0.014973226,0.16487011
37767,0.32967576,0.7892826
37768,0.8585354,0.25053275
37769,0.030054027,0.09934927
37770,0.06948619,0.063998185
37771,0.23532669,0.78502566
37772,0.055736836,0.9364175
37773,0.16394329,0.1360674
37774,0.07385753,0.9046249
37775,0.034803677,0.3541345
37776,0.048076887,0.08837994
37777,0.010099932,0.13518734
37778,0.0009439254,0.0235282
37779,0.95992446,0.97393554
37780,0.14589663,0.025724635
37781,0.002818549,0.007323083
37782,0.42200857,0.8513673
37783,0.01284588,0.07960219
37784,0.08831497,0.5961491
37785,0.03281772,0.6510926
37786,0.022152398,0.18146157
37787,0.43433198,0.7656526
37788,0.38496903,0.4250762
37789,0.07602571,0.07431661
37790,0.023497354,0.2419128
37791,0.267103,0.97970575
37792,0.2652815,0.96485305
37793,0.04046101,0.20607202
37794,0.07571194,0.5906523
37795,0.028293742,0.030807583
37796,0.0014361113,0.015513345
37797,0.016631698,0.011725915
37798,0.004018942,0.007147193
37799,0.010315094,0.91990477
37800,0.16797203,0.30672508
37801,0.0026822675,0.022743877
37802,0.07297645,0.45311075
37803,0.04768008,0.46559295
37804,0.8064659,0.936419
37805,0.03663872,0.09380005
37806,0.85261995,0.6995561
37807,0.9539012,0.9819349
37808,0.25844944,0.32659858
37809,0.12076729,0.47592497
37810,0.057654995,0.7327841
37811,0.060659066,0.34111398
37812,0.79503006,0.9519945
37813,0.0206689,0.66236347
37814,0.44367558,0.50334555
37815,0.02351601,0.17962557
37816,0.16562289,0.1212761
37817,0.4778515,0.8678345
37818,0.5951289,0.26716578
37819,0.25101328,0.47413173
37820,0.32214588,0.9678637
37821,0.64466316,0.9918372
37822,0.17910075,0.7137079
37823,0.008580588,0.1534768
37824,0.07002779,0.825528
37825,0.056857716,0.011310143
37826,0.049665462,0.96569407
37827,0.12258005,0.77050287
37828,0.0077803303,0.047536302
37829,0.50100833,0.49026495
37830,0.74519646,0.9515702
37831,0.049149908,0.6397618
37832,0.025536535,0.14563774
37833,0.0370589,0.9786083
37834,0.9277787,0.99103844
37835,0.005426969,0.022115389
37836,0.15992671,0.9271984
37837,0.14314103,0.082973935
37838,0.2782484,0.79290706
37839,0.07298307,0.24036027
37840,0.015359455,0.074512735
37841,0.0141619705,0.072656624
37842,0.5877767,0.8703451
37843,0.0117530385,0.361484
37844,0.07449217,0.92068887
37845,0.455649,0.85990244
37846,0.0076100887,0.10853768
37847,0.91795695,0.9875103
37848,0.041651875,0.1850925
37849,0.044184994,0.70985985
37850,0.11794515,0.74141395
37851,0.10719567,0.14830254
37852,0.20255558,0.16923432
37853,0.056221545,0.59174466
37854,0.11091405,0.5875891
37855,0.6754932,0.582996
37856,0.3457982,0.27041748
37857,0.540571,0.60382724
37858,0.08644179,0.29132506
37859,0.084352955,0.3285698
37860,0.17789519,0.115849264
37861,0.6739632,0.3732434
37862,0.2508671,0.92821956
37863,0.050774988,0.08905163
37864,0.029288143,0.10949735
37865,0.017229855,0.10676335
37866,0.55507153,0.35119408
37867,0.025654558,0.20775771
37868,0.0040377765,0.026951106
37869,0.02691043,0.034119826
37870,0.007865234,0.019113453
37871,0.22295304,0.22192726
37872,0.046957888,0.6635482
37873,0.10486088,0.72387874
37874,0.029212141,0.056310073
37875,0.053941708,0.88997453
37876,0.19447401,0.6828756
37877,0.028046964,0.59827274
37878,0.5961843,0.07297935
37879,0.016811898,0.10629522
37880,0.1802323,0.63497347
37881,0.011613207,0.93286586
37882,0.025131052,0.103188425
37883,0.21788329,0.77004725
37884,0.25880784,0.85322016
37885,0.002627948,0.083102815
37886,0.053266414,0.7487696
37887,0.40549704,0.094705604
37888,0.082605496,0.23667349
37889,0.023130806,0.17883113
37890,0.057270814,0.95369166
37891,0.036868248,0.008177666
37892,0.02246091,0.12164228
37893,0.86923826,0.93242353
37894,0.11968929,0.059639577
37895,0.022807205,0.020604748
37896,0.039225448,0.91861475
37897,0.6860122,0.32212234
37898,0.020257734,0.030104255
37899,0.015580063,0.32080188
37900,0.12483856,0.50978637
37901,0.08163594,0.8141816
37902,0.03429999,0.33444336
37903,0.024445118,0.8146333
37904,0.48324665,0.97019994
37905,0.025648922,0.08805494
37906,0.06501949,0.5924521
37907,0.0017992004,0.04309659
37908,0.09276833,0.056840252
37909,0.27655017,0.8440459
37910,0.92464095,0.9061863
37911,0.024749406,0.28757292
37912,0.009943523,0.029389706
37913,0.032762136,0.5242678
37914,0.15999787,0.71645916
37915,0.022506582,0.057640918
37916,0.7652823,0.9366744
37917,0.055931814,0.11737145
37918,0.048635915,0.98601764
37919,0.25612432,0.6097913
37920,0.134763,0.53895074
37921,0.10318112,0.7012472
37922,0.13730574,0.2805951
37923,0.030719602,0.7188974
37924,0.05843002,0.73836696
37925,0.20903766,0.96043825
37926,0.021925598,0.6026139
37927,0.23505518,0.1270387
37928,0.14748369,0.4885705
37929,0.7249559,0.84081966
37930,0.0046258676,0.02912938
37931,0.89591604,0.8661277
37932,0.0028014812,0.06998085
37933,0.42788136,0.8469997
37934,0.08407193,0.054942105
37935,0.0035138533,0.96776164
37936,0.015344975,0.057237227
37937,0.010003455,0.14510074
37938,0.09244347,0.73146766
37939,0.9106724,0.79996526
37940,0.00035271994,0.2786505
37941,0.29217905,0.34550658
37942,0.4794709,0.23513009
37943,0.045272615,0.17540783
37944,0.014344917,0.10037979
37945,0.39799094,0.51653945
37946,0.0050500147,0.20482767
37947,0.9692217,0.9755701
37948,0.92404836,0.94320047
37949,0.018005844,0.152115
37950,0.020370023,0.115023114
37951,0.0032039117,0.0638773
37952,0.01517829,0.31660545
37953,0.020819087,0.63367784
37954,0.025828961,0.18564962
37955,0.971272,0.8145054
37956,0.014588843,0.47907165
37957,0.020756703,0.39156112
37958,0.015433338,0.18087417
37959,0.06794867,0.85170233
37960,0.92687625,0.9725009
37961,0.058520634,0.065145984
37962,0.46228617,0.26184773
37963,0.15094563,0.935959
37964,0.036492962,0.056177292
37965,0.9707987,0.9359236
37966,0.014505216,0.4997156
37967,0.0051111854,0.025702521
37968,0.054891583,0.051971592
37969,0.075501375,0.92645895
37970,0.0010459856,0.008842414
37971,0.12181397,0.14850013
37972,0.15077157,0.46286368
37973,0.37542927,0.1321739
37974,0.44029224,0.09528904
37975,0.0657281,0.8859898
37976,0.18090566,0.3190894
37977,0.03369149,0.080169424
37978,0.08633952,0.39132482
37979,0.01982938,0.058237668
37980,0.117366195,0.13027817
37981,0.086362876,0.18085122
37982,0.04192725,0.48765397
37983,0.01568,0.20061307
37984,0.063798875,0.20631233
37985,0.18168989,0.7300153
37986,0.013459136,0.037450373
37987,0.028832547,0.6898831
37988,0.35566393,0.4702231
37989,0.090633355,0.14198413
37990,0.00481012,0.022412142
37991,0.09778094,0.8513919
37992,0.043849215,0.95650315
37993,0.04678842,0.46189252
37994,0.036648482,0.17666608
37995,0.016766118,0.112088926
37996,0.5841843,0.58953035
37997,0.3627505,0.24709615
37998,0.5812954,0.86225027
37999,0.33670217,0.8940647
38000,0.64126605,0.15347306
38001,0.24372576,0.9729514
38002,0.6976945,0.9743455
38003,0.33299527,0.7138184
38004,0.076863185,0.12262096
38005,0.82491934,0.9716495
38006,0.026549922,0.070916824
38007,0.8208409,0.786995
38008,0.06434076,0.44736674
38009,0.028970622,0.10556279
38010,0.08119243,0.2230886
38011,0.5669098,0.85377824
38012,0.00879113,0.2564042
38013,0.15716755,0.90397084
38014,0.011849692,0.6795213
38015,0.12148678,0.9820165
38016,0.059157003,0.15883426
38017,0.026117459,0.56378907
38018,0.0033446054,0.11307382
38019,0.90136576,0.91870904
38020,0.058911003,0.51296717
38021,0.071979634,0.13141519
38022,0.5969548,0.85294807
38023,0.03760198,0.09310283
38024,0.7299624,0.7300959
38025,0.046496026,0.05333572
38026,0.006365926,0.18002358
38027,0.8020355,0.9348923
38028,0.09286192,0.40889454
38029,0.012391246,0.07528779
38030,0.016385002,0.38187265
38031,0.92303485,0.93318176
38032,0.015159632,0.7548363
38033,0.03298077,0.31003845
38034,0.050943527,0.13337392
38035,0.039846152,0.030182524
38036,0.06606231,0.2574126
38037,0.0058340337,0.011924581
38038,0.043635033,0.9556212
38039,0.03104173,0.96625113
38040,0.091099545,0.13181682
38041,0.025297746,0.20111851
38042,0.05889304,0.045785177
38043,0.030919552,0.09411398
38044,0.05776469,0.67165935
38045,0.22950123,0.40620825
38046,0.04534846,0.80743176
38047,0.0488623,0.5193613
38048,0.020500937,0.11973465
38049,0.102517955,0.2745475
38050,0.019102752,0.12786134
38051,0.06269629,0.94730324
38052,0.014120495,0.025895074
38053,0.046230182,0.13805163
38054,0.15966956,0.9649559
38055,0.091475286,0.03687767
38056,0.5394704,0.94821805
38057,0.71850413,0.5526817
38058,0.057592787,0.938156
38059,0.18110994,0.13906842
38060,0.06976871,0.9677299
38061,0.42980024,0.7799195
38062,0.14255796,0.030745601
38063,0.087549634,0.75553733
38064,0.0052799284,0.1325945
38065,0.029556798,0.035770234
38066,0.09783779,0.7749524
38067,0.078737624,0.113330886
38068,0.06399616,0.35855383
38069,0.088983335,0.54700375
38070,0.011580457,0.40061742
38071,0.021598443,0.30108425
38072,0.0062325704,0.035782382
38073,0.050293244,0.8899503
38074,0.013494524,0.28056785
38075,0.9707236,0.9453507
38076,0.31068847,0.9725032
38077,0.005845844,0.16916463
38078,0.017008431,0.21005209
38079,0.005937224,0.072367154
38080,0.64975905,0.5725178
38081,0.02093568,0.8786514
38082,0.015952503,0.12550119
38083,0.7066819,0.5008369
38084,0.80557513,0.70669425
38085,0.034757197,0.015468417
38086,0.18701571,0.8033283
38087,0.1600238,0.6533395
38088,0.08473112,0.84602547
38089,0.6237564,0.9414401
38090,0.0155945495,0.0489409
38091,0.0020481036,0.1447592
38092,0.28927773,0.963384
38093,0.27945334,0.5020532
38094,0.05624666,0.67180353
38095,0.06953167,0.93119794
38096,0.17140703,0.47889236
38097,0.025264643,0.03853801
38098,0.028735466,0.34733206
38099,0.025622044,0.59211564
38100,0.04674733,0.040836956
38101,0.14986308,0.9661065
38102,0.017004875,0.09160232
38103,0.021621939,0.07155173
38104,0.05417219,0.84277844
38105,0.01626451,0.52068204
38106,0.0023580717,0.022926359
38107,0.18836902,0.48028764
38108,0.24504308,0.049207665
38109,0.20452505,0.7216294
38110,0.0121423025,0.04843127
38111,0.016599085,0.7235168
38112,0.032715213,0.008853654
38113,0.5435735,0.86296993
38114,0.015502322,0.17926972
38115,0.04588032,0.9283087
38116,0.019859573,0.067609064
38117,0.0023289532,0.036374595
38118,0.96573067,0.9677778
38119,0.099498406,0.8785693
38120,0.36046264,0.34497932
38121,0.013999671,0.06823276
38122,0.015627591,0.86363506
38123,0.057926726,0.77188987
38124,0.020261107,0.2847123
38125,0.27861914,0.2837952
38126,0.013129603,0.18056452
38127,0.5626449,0.96715206
38128,0.027196549,0.24393442
38129,0.02092486,0.0391806
38130,0.035532173,0.98730034
38131,0.032216944,0.11026599
38132,0.013071289,0.13590987
38133,0.038163245,0.06797701
38134,0.01640811,0.07153124
38135,0.015926683,0.48329243
38136,0.15123303,0.7554159
38137,0.9425652,0.5154648
38138,0.0061355736,0.26503375
38139,0.91688335,0.9372366
38140,0.028286492,0.089910984
38141,0.029119229,0.54100466
38142,0.53958267,0.6679239
38143,0.85982746,0.89959025
38144,0.8610351,0.8936628
38145,0.017386006,0.5367427
38146,0.26002434,0.97799486
38147,0.00057313,0.027562197
38148,0.3953291,0.8626165
38149,0.03598879,0.32596788
38150,0.47276363,0.60104775
38151,0.9358584,0.95398724
38152,0.01685535,0.40218472
38153,0.73736006,0.9572817
38154,0.01352062,0.020279294
38155,0.2732371,0.62246555
38156,0.51494205,0.68251413
38157,0.10412339,0.8975473
38158,0.1948708,0.9773425
38159,0.011624082,0.091827184
38160,0.07845394,0.9820629
38161,0.9691617,0.94154906
38162,0.30543843,0.4279593
38163,0.505843,0.7129906
38164,0.10576243,0.30248228
38165,0.004919776,0.13048668
38166,0.29369393,0.71249145
38167,0.19960774,0.77678925
38168,0.0007477361,0.07194659
38169,0.87299836,0.96992546
38170,0.4485207,0.84177256
38171,0.30301014,0.72540027
38172,0.098790586,0.66222906
38173,0.07475571,0.15306374
38174,0.005191062,0.18395442
38175,0.6134772,0.3563966
38176,0.185203,0.78500336
38177,0.12813088,0.9421419
38178,0.034655303,0.38051733
38179,0.2063601,0.20593128
38180,0.24676391,0.271496
38181,0.05290279,0.16789553
38182,0.79438037,0.83869684
38183,0.09385093,0.8028631
38184,0.0005853488,0.015831618
38185,0.029469369,0.33227625
38186,0.0010088062,0.26670966
38187,0.0016581251,0.0103220325
38188,0.0723046,0.2713335
38189,0.25368556,0.616865
38190,0.098321624,0.70333254
38191,0.18982454,0.7043113
38192,0.07002444,0.6711608
38193,0.046112683,0.95207435
38194,0.4355472,0.03405945
38195,0.10021388,0.19825605
38196,0.00022802656,0.012534664
38197,0.009932479,0.2778773
38198,0.082066566,0.5223956
38199,0.02729915,0.077891976
38200,0.0120947445,0.06699701
38201,0.002889629,0.3267674
38202,0.7687365,0.9406514
38203,0.061690353,0.05782059
38204,0.04462737,0.2751868
38205,0.0101714535,0.65322673
38206,0.80469567,0.8936434
38207,0.37634593,0.6659968
38208,0.045259975,0.972669
38209,0.032522064,0.19089818
38210,0.083466396,0.8106574
38211,0.100678615,0.2382823
38212,0.25065097,0.91942805
38213,0.020232428,0.029691672
38214,0.51838195,0.5673894
38215,0.017195009,0.5087145
38216,0.06580041,0.5074257
38217,0.009548575,0.02509341
38218,0.08645041,0.9322568
38219,0.14912397,0.05820789
38220,0.6726896,0.35500973
38221,0.013446625,0.5887163
38222,0.25532952,0.30923486
38223,0.5886925,0.8488152
38224,0.014315975,0.47645968
38225,0.0061337682,0.0839653
38226,0.06728213,0.07090126
38227,0.032346457,0.93463165
38228,0.013478238,0.4292125
38229,0.9010251,0.93736154
38230,0.030714592,0.10732348
38231,0.042690925,0.16631423
38232,0.0013351903,0.48788053
38233,0.006463609,0.015946973
38234,0.06225519,0.2878619
38235,0.09385086,0.36345187
38236,0.95450133,0.8422683
38237,0.094438605,0.8529455
38238,0.0014486553,0.012152676
38239,0.03494136,0.024793265
38240,0.08201128,0.5124915
38241,0.025356943,0.4375391
38242,0.0039801635,0.07730874
38243,0.045682654,0.2783756
38244,0.030991461,0.0027645507
38245,0.12607053,0.19954437
38246,0.004951866,0.041543458
38247,0.10334865,0.50149983
38248,0.49337208,0.63065875
38249,0.26912838,0.17926389
38250,0.13488112,0.41242042
38251,0.6322621,0.53644234
38252,0.0010627016,0.00727363
38253,0.62798405,0.5637612
38254,0.091121346,0.2960291
38255,0.48189065,0.9216764
38256,0.005661433,0.6035158
38257,0.0044746185,0.39353532
38258,0.6630688,0.9261254
38259,0.003646827,0.019068716
38260,0.08039987,0.21670273
38261,0.009938173,0.041951668
38262,0.0077477326,0.046539094
38263,0.06838084,0.38511667
38264,0.16104321,0.32039064
38265,0.05656696,0.5191846
38266,0.026484633,0.028863754
38267,0.24177438,0.021714592
38268,0.83447903,0.9797768
38269,0.019378467,0.42266643
38270,0.018566351,0.54846
38271,0.010375463,0.2010006
38272,0.013671951,0.49643296
38273,0.0285343,0.34489352
38274,0.06187336,0.8170157
38275,0.16793488,0.43431175
38276,0.2769027,0.8585944
38277,0.011986619,0.0839223
38278,0.12282112,0.73358476
38279,0.030837629,0.9472089
38280,0.40727523,0.71160805
38281,0.26842844,0.96155953
38282,0.014501603,0.56570387
38283,0.9031593,0.9788344
38284,0.00859056,0.30177042
38285,0.025297392,0.95423895
38286,0.3058686,0.52325076
38287,0.045386057,0.40847835
38288,0.0031421788,0.77162397
38289,0.020573964,0.8340326
38290,0.08224426,0.49070534
38291,0.09715021,0.95162255
38292,0.12060835,0.11332001
38293,0.009786006,0.5827429
38294,0.16220231,0.17884071
38295,0.28393677,0.773327
38296,0.02368962,0.035238005
38297,0.44215336,0.79520047
38298,0.47813767,0.5481643
38299,0.003712614,0.046671793
38300,0.8046609,0.90087765
38301,0.97861964,0.9089321
38302,0.5850477,0.58970076
38303,0.11604866,0.05059848
38304,0.017397912,0.123658955
38305,0.011559217,0.08426045
38306,0.038554933,0.5756632
38307,0.04616988,0.60373664
38308,0.017045334,0.26250988
38309,0.19034421,0.12712689
38310,0.008885579,0.052770626
38311,0.8446899,0.88981915
38312,0.3332945,0.09545255
38313,0.43569028,0.64053667
38314,0.0018542742,0.029899843
38315,0.9376535,0.7320658
38316,0.008130701,0.2118437
38317,0.005769974,0.026719764
38318,0.08059314,0.9826691
38319,0.8514112,0.9340747
38320,0.007367151,0.80906034
38321,0.6478215,0.36985546
38322,0.09653762,0.15428169
38323,0.008823424,0.023748683
38324,0.052942105,0.77353114
38325,0.72198814,0.9271089
38326,0.027398,0.035226658
38327,0.19798179,0.19318815
38328,0.7261172,0.6113002
38329,0.050913602,0.91241634
38330,0.32144,0.93704075
38331,0.1265757,0.4722801
38332,0.19745882,0.24040228
38333,0.13255772,0.15376051
38334,0.1925383,0.20871288
38335,0.32421625,0.58012897
38336,0.06389157,0.43114904
38337,0.8414453,0.9528698
38338,0.8490813,0.95251036
38339,0.82477254,0.8997759
38340,0.09062514,0.6788116
38341,0.42581525,0.6750004
38342,0.5138542,0.45204002
38343,0.044319864,0.7930757
38344,0.13462475,0.814142
38345,0.09697341,0.10604909
38346,0.015917726,0.028356025
38347,0.8745674,0.9215601
38348,0.0057303826,0.048497327
38349,0.00877528,0.04256199
38350,0.6149565,0.97678775
38351,0.031943392,0.22402132
38352,0.0334171,0.052915663
38353,0.08025136,0.9263443
38354,0.6640635,0.69050384
38355,0.44371003,0.8641505
38356,0.028124742,0.619656
38357,0.5943045,0.89560133
38358,0.101558484,0.2657357
38359,0.016255524,0.055974506
38360,0.098583035,0.14356147
38361,0.5223559,0.15322927
38362,0.0039724847,0.13442591
38363,0.03160746,0.86650085
38364,0.031605016,0.14973716
38365,0.77233726,0.96773124
38366,0.45184094,0.5303971
38367,0.4645464,0.55195934
38368,0.0025443244,0.121277675
38369,0.73230207,0.9497884
38370,0.050094377,0.3230241
38371,0.11834054,0.27188584
38372,0.2877366,0.23994413
38373,0.22442693,0.6164979
38374,0.21714796,0.08216767
38375,0.3572415,0.7361295
38376,0.04408794,0.1774885
38377,0.37603748,0.49693295
38378,0.0026758346,0.048510518
38379,0.46852973,0.5051862
38380,0.06892471,0.851482
38381,0.452851,0.58447117
38382,0.22480139,0.665267
38383,0.037984356,0.061816406
38384,0.49499896,0.6530737
38385,0.097595334,0.2362113
38386,0.5366982,0.8518105
38387,0.014702591,0.62645495
38388,0.2704476,0.51166344
38389,0.10648596,0.49103764
38390,0.03536773,0.022699496
38391,0.9780157,0.9882505
38392,0.5832511,0.79055935
38393,0.90229386,0.950948
38394,0.11483311,0.85617733
38395,0.12722151,0.4011593
38396,0.1269169,0.3233706
38397,0.9219911,0.9507509
38398,0.02197699,0.06649666
38399,0.0026311632,0.26285994
38400,0.9152025,0.95658916
38401,0.10240727,0.8271233
38402,0.024819335,0.037196506
38403,0.003176724,0.46253395
38404,0.5671061,0.40107143
38405,0.46188748,0.8614994
38406,0.5706787,0.0831894
38407,0.22028667,0.40776005
38408,0.0054775546,0.040773593
38409,0.015582836,0.14777018
38410,0.03609931,0.18927391
38411,0.87183815,0.9572144
38412,0.02397965,0.93115294
38413,0.0848508,0.19741125
38414,0.54689103,0.60950345
38415,0.037845787,0.10159985
38416,0.054196663,0.9111873
38417,0.03610107,0.1366816
38418,0.0011115898,0.0121442815
38419,0.41054362,0.7540122
38420,0.010137601,0.043795366
38421,0.54338515,0.40187374
38422,0.74972975,0.39983413
38423,0.025992837,0.6298969
38424,0.0012597104,0.048930857
38425,0.15977685,0.78644973
38426,0.013132551,0.5977241
38427,0.08806361,0.055549774
38428,0.08857982,0.42770374
38429,0.2946991,0.8605734
38430,0.007680885,0.29279795
38431,0.5388558,0.43674067
38432,0.16249381,0.7652746
38433,0.8969842,0.8872494
38434,0.07818876,0.30432338
38435,0.010122052,0.64460427
38436,0.38204047,0.5463707
38437,0.090312034,0.52439964
38438,0.16238286,0.9533963
38439,0.02402748,0.103272006
38440,0.2880206,0.5437994
38441,0.7751062,0.60752034
38442,0.018788949,0.6438999
38443,0.01091118,0.04836714
38444,0.023866473,0.14824085
38445,0.11008149,0.19699697
38446,0.016220585,0.53496677
38447,0.046195813,0.21598707
38448,0.025422985,0.64890623
38449,0.020412648,0.07750608
38450,0.78653693,0.85441345
38451,0.10182167,0.096627675
38452,0.5016728,0.6283518
38453,0.41769892,0.9650177
38454,0.73896176,0.95465696
38455,0.10487205,0.30279645
38456,0.07409577,0.3052787
38457,0.4501191,0.7038504
38458,0.0040790755,0.024669398
38459,0.38731408,0.7853395
38460,0.097906135,0.9179283
38461,0.076795556,0.65879625
38462,0.6620029,0.4076934
38463,0.9221838,0.9594591
38464,0.119173646,0.92288923
38465,0.02676691,0.049004722
38466,0.028468115,0.07686437
38467,0.53534675,0.7914204
38468,0.6002664,0.82252216
38469,0.008836561,0.074421756
38470,0.6302838,0.91838264
38471,0.018526595,0.039669972
38472,0.060144752,0.1654271
38473,0.15646596,0.107890844
38474,0.036732573,0.35331786
38475,0.0031756354,0.18354303
38476,0.012664199,0.0735708
38477,0.11252898,0.21853413
38478,0.84810704,0.9375883
38479,0.14134434,0.6595333
38480,0.56091285,0.5872137
38481,0.034208633,0.32648742
38482,0.8040167,0.959766
38483,0.07039979,0.09008866
38484,0.032893687,0.66741186
38485,0.028085146,0.7645141
38486,0.018448306,0.70615125
38487,0.1855595,0.77214295
38488,0.35638446,0.6333078
38489,0.060633965,0.089281
38490,0.024098426,0.9585997
38491,0.042384207,0.71533424
38492,0.01467591,0.60843027
38493,0.0016102555,0.025490448
38494,0.30229324,0.96737814
38495,0.361861,0.9717557
38496,0.029007956,0.40769973
38497,0.75005704,0.586001
38498,0.16033718,0.28889185
38499,0.0042681107,0.0348158
38500,0.007608108,0.08293143
38501,0.0986647,0.8942079
38502,0.12706685,0.65506643
38503,0.021011539,0.6634638
38504,0.33194712,0.22470298
38505,0.019891346,0.26049936
38506,0.0903089,0.80084866
38507,0.98517275,0.92509145
38508,0.009204738,0.08059316
38509,0.010078477,0.021800462
38510,0.6399924,0.8906649
38511,0.12219673,0.95934415
38512,0.07900261,0.6131272
38513,0.022261092,0.2615016
38514,0.28544578,0.35896155
38515,0.021373346,0.84440583
38516,0.55001444,0.81916136
38517,0.1407348,0.82927275
38518,0.3766008,0.99006116
38519,0.02357445,0.017405584
38520,0.055291723,0.7958054
38521,0.029743722,0.8326795
38522,0.13845672,0.76282835
38523,0.12134763,0.35106364
38524,0.002807626,0.77764565
38525,0.3224103,0.5633703
38526,0.9232202,0.8254776
38527,0.030263394,0.11814064
38528,0.012618069,0.7714867
38529,0.0011363573,0.023783017
38530,0.0642153,0.065469965
38531,0.09993836,0.64087385
38532,0.25617823,0.6595792
38533,0.015145949,0.054934766
38534,0.04566709,0.14587751
38535,0.032616712,0.35030523
38536,0.01721364,0.54571295
38537,0.9023457,0.96851885
38538,0.9805212,0.98979247
38539,0.02797853,0.6547257
38540,0.51110023,0.8745635
38541,0.1158235,0.74641347
38542,0.027306894,0.083762065
38543,0.5776003,0.81744593
38544,0.27562973,0.295505
38545,0.31237933,0.9668461
38546,0.009062875,0.17909525
38547,0.06123769,0.86743265
38548,0.11830073,0.12624937
38549,0.062471338,0.7233304
38550,0.046770614,0.60294217
38551,0.37632683,0.44902688
38552,0.2804406,0.2705883
38553,0.1989872,0.32027996
38554,0.62581515,0.76949453
38555,0.02559946,0.31083897
38556,0.0072893677,0.039798375
38557,0.03570251,0.044515934
38558,0.046796862,0.17335047
38559,0.009609888,0.64427286
38560,0.020153247,0.015409814
38561,0.8685374,0.9077674
38562,0.32431263,0.95625913
38563,0.13752173,0.03097142
38564,0.040215775,0.80547225
38565,0.59019583,0.7547894
38566,0.0092025455,0.13273348
38567,0.41617882,0.74941504
38568,0.3948742,0.48281002
38569,0.006685003,0.045395274
38570,0.95427,0.9795991
38571,0.11285279,0.843111
38572,0.4746754,0.33267868
38573,0.119511,0.122684896
38574,0.07758127,0.22044033
38575,0.022386108,0.37249544
38576,0.05048256,0.089895375
38577,0.010148191,0.5754727
38578,0.1879503,0.9175266
38579,0.029086784,0.8358545
38580,0.05387645,0.33293682
38581,0.7971738,0.9423279
38582,0.9098214,0.955775
38583,0.01679914,0.38173735
38584,0.1810863,0.47480544
38585,0.2537147,0.476937
38586,0.004945725,0.052030146
38587,0.0070247026,0.26699308
38588,0.04143641,0.7964996
38589,0.014815828,0.10028805
38590,0.27173516,0.8794308
38591,0.010243148,0.48284373
38592,0.17453612,0.6399958
38593,0.48948014,0.8858586
38594,0.04174149,0.013639286
38595,0.0027885747,0.014499771
38596,0.54711103,0.91337216
38597,0.41610292,0.083681285
38598,0.465711,0.11572549
38599,0.024247713,0.7478861
38600,0.36469576,0.01623747
38601,0.056870356,0.44335526
38602,0.5907387,0.9219384
38603,0.0031516158,0.10229193
38604,0.94466287,0.9242741
38605,0.054732375,0.16483429
38606,0.041971717,0.18727605
38607,0.25106993,0.9145461
38608,0.04332753,0.13385303
38609,0.10637337,0.33077657
38610,0.10661229,0.8928896
38611,0.09469994,0.7037314
38612,0.048961677,0.86804223
38613,0.05055787,0.37598902
38614,0.025391163,0.10890446
38615,0.03882779,0.014987094
38616,0.003968538,0.050126314
38617,0.036918264,0.2884178
38618,0.025747303,0.46156734
38619,0.0106035,0.018031573
38620,0.7158206,0.69228977
38621,0.81271213,0.99007964
38622,0.13044146,0.05107586
38623,0.017266104,0.16840115
38624,0.022669759,0.03125027
38625,0.10706968,0.0684518
38626,0.07430989,0.75253236
38627,0.85328585,0.9835661
38628,0.10779515,0.11408994
38629,0.5258612,0.8756308
38630,0.044008087,0.66172487
38631,0.0077186543,0.5654964
38632,0.035110537,0.9169473
38633,0.30507275,0.27036342
38634,0.2999735,0.23288648
38635,0.014377315,0.674333
38636,0.024390778,0.89806634
38637,0.024070373,0.31736952
38638,0.019826667,0.03326299
38639,0.97678804,0.5161108
38640,0.04712406,0.0893006
38641,0.48998368,0.79228634
38642,0.005630812,0.048520125
38643,0.7129861,0.85132676
38644,0.0060379733,0.56355536
38645,0.2452163,0.75882864
38646,0.9154503,0.8186042
38647,0.017674558,0.07466366
38648,0.3784016,0.8499303
38649,0.8320098,0.9342291
38650,0.04972728,0.04126411
38651,0.008978188,0.11697748
38652,0.09225638,0.68522114
38653,0.00973086,0.030381791
38654,0.008398443,0.03558752
38655,0.030060286,0.19153316
38656,0.09572367,0.2551302
38657,0.061402205,0.08960065
38658,0.020037383,0.8031415
38659,0.0019343385,0.17746402
38660,0.6977778,0.72227085
38661,0.031595707,0.13643025
38662,0.031298354,0.108774975
38663,0.015803484,0.08805365
38664,0.85238636,0.87058157
38665,0.18639885,0.53206027
38666,0.0007672131,0.15193462
38667,0.16679244,0.36481377
38668,0.081781216,0.9854441
38669,0.022971494,0.044898096
38670,0.2370455,0.3635401
38671,0.21596694,0.1433078
38672,0.11664278,0.35402936
38673,0.5391942,0.9323171
38674,0.25096744,0.92108274
38675,0.062108938,0.87106204
38676,0.13850659,0.11023818
38677,0.033358857,0.3388101
38678,0.96485406,0.9644741
38679,0.0987168,0.7253088
38680,0.0072531095,0.2902841
38681,0.07705575,0.02816534
38682,0.7590095,0.84435964
38683,0.33659452,0.9417109
38684,0.028905774,0.87979907
38685,0.121473975,0.68331844
38686,0.23462164,0.6312952
38687,0.0035837283,0.009808266
38688,0.10366614,0.24906959
38689,0.00063207245,0.9917847
38690,0.03895585,0.069664754
38691,0.309843,0.24284907
38692,0.009917704,0.36578456
38693,0.07659983,0.3142022
38694,0.09843326,0.2162307
38695,0.01965936,0.7583917
38696,0.021079576,0.102825955
38697,0.57706004,0.5961112
38698,0.018876137,0.94013095
38699,0.26193318,0.8284073
38700,0.009167799,0.94742477
38701,0.116681084,0.42519408
38702,0.1995682,0.20493591
38703,0.086993136,0.72794825
38704,0.04424926,0.7385787
38705,0.18041235,0.9379867
38706,0.056213092,0.13379842
38707,0.028408244,0.93272656
38708,0.5962387,0.47489214
38709,0.07595794,0.38198188
38710,0.08135842,0.6524849
38711,0.2592195,0.910887
38712,0.44308975,0.9393438
38713,0.11253349,0.9272148
38714,0.0097958855,0.062239982
38715,0.0887501,0.42829132
38716,0.0076708207,0.044404496
38717,0.119032584,0.34952465
38718,0.007546791,0.023935623
38719,0.010318701,0.04577825
38720,0.011438606,0.09214487
38721,0.024340464,0.032988913
38722,0.009459338,0.03527366
38723,0.30952743,0.26721996
38724,0.04171864,0.034523707
38725,0.029808667,0.059937082
38726,0.46137714,0.8567344
38727,0.24499652,0.8265265
38728,0.031218627,0.16177875
38729,0.081805155,0.9266647
38730,0.003340323,0.015353154
38731,0.029523075,0.044843715
38732,0.0118056135,0.7352855
38733,0.031239271,0.4063583
38734,0.11202961,0.39081377
38735,0.84580827,0.80956787
38736,0.0003824946,0.006384475
38737,0.0442322,0.21023266
38738,0.028742187,0.0937999
38739,0.07893386,0.1441007
38740,0.0017819807,0.173738
38741,0.07576668,0.5359573
38742,0.124060765,0.5253081
38743,0.006991556,0.9253879
38744,0.5146363,0.69359016
38745,0.14144063,0.17866154
38746,0.18572217,0.9133637
38747,0.0039161774,0.07324644
38748,0.81947553,0.9512854
38749,0.07294147,0.34047142
38750,0.018200064,0.25073498
38751,0.6656754,0.113068424
38752,0.0013467695,0.019312002
38753,0.39877087,0.819068
38754,0.01689416,0.06531442
38755,0.12071818,0.5374753
38756,0.026997587,0.25455192
38757,0.16822396,0.7536714
38758,0.03176108,0.16078278
38759,0.5353689,0.88434106
38760,0.0009159375,0.035128396
38761,0.0076291775,0.21947788
38762,0.6039925,0.929811
38763,0.003567694,0.07818237
38764,0.013700092,0.04253602
38765,0.015825609,0.09307052
38766,0.0204113,0.31349275
38767,0.19050531,0.9417962
38768,0.692514,0.9840464
38769,0.10755578,0.21521015
38770,0.028015245,0.04759453
38771,0.19996935,0.18088958
38772,0.16681246,0.5850278
38773,0.049862776,0.37043375
38774,0.22057137,0.9586044
38775,0.4631504,0.52533793
38776,0.0035055652,0.3715743
38777,0.048083533,0.06955398
38778,0.029908882,0.11569633
38779,0.004707396,0.04692994
38780,0.5911166,0.5057012
38781,0.04879649,0.49332345
38782,0.015175588,0.06996848
38783,0.47528926,0.13249731
38784,0.94395614,0.94527066
38785,0.19199046,0.95690477
38786,0.023112232,0.368899
38787,0.6058317,0.9138596
38788,0.07757329,0.13249439
38789,0.09147132,0.9260818
38790,0.1734943,0.39128843
38791,0.25739333,0.12753797
38792,0.34925058,0.8324042
38793,0.41305774,0.8870441
38794,0.019232122,0.35551408
38795,0.16526487,0.043672316
38796,0.85395825,0.9090165
38797,0.0030348501,0.3498476
38798,0.1811968,0.8681068
38799,0.01647975,0.79452366
38800,0.04206188,0.23222366
38801,0.008271531,0.007303414
38802,0.12931325,0.56455463
38803,0.025558194,0.7297465
38804,0.41600874,0.23359023
38805,0.32479906,0.9337139
38806,0.032126334,0.8666556
38807,0.0054293326,0.008807762
38808,0.07336032,0.033517156
38809,0.24495123,0.35901302
38810,0.03532463,0.93588245
38811,0.014236465,0.67764604
38812,0.05642653,0.41545853
38813,0.08195725,0.02666884
38814,0.36821195,0.8210608
38815,0.02053595,0.1244232
38816,0.3182001,0.86948204
38817,0.18884632,0.2810931
38818,0.68700814,0.7235988
38819,0.006844549,0.1600363
38820,0.007587349,0.09227715
38821,0.012082575,0.11218848
38822,0.05687311,0.89483744
38823,0.0075081536,0.014572866
38824,0.4612087,0.28089604
38825,0.35906807,0.41770396
38826,0.68393433,0.70761764
38827,0.040197164,0.01890578
38828,0.039676156,0.2661978
38829,0.027009679,0.1442539
38830,0.016221223,0.8983251
38831,0.2292813,0.15353945
38832,0.06595198,0.13632542
38833,0.015482868,0.07472714
38834,0.0013061969,0.19808592
38835,0.08206598,0.51138794
38836,0.031307682,0.08421899
38837,0.47797313,0.8370922
38838,0.022112232,0.09803015
38839,0.041990917,0.19664884
38840,0.028253954,0.64374375
38841,0.015868824,0.09208525
38842,0.86857915,0.9633509
38843,0.04935288,0.9180167
38844,0.06830963,0.039727908
38845,0.0272163,0.48576126
38846,0.01676905,0.8155345
38847,0.19955476,0.17666523
38848,0.030065723,0.9507388
38849,0.1519973,0.5951136
38850,0.025173845,0.69197714
38851,0.29886326,0.88374496
38852,0.015781946,0.7576786
38853,0.012076207,0.054433364
38854,0.04982445,0.2619983
38855,0.0447307,0.86599886
38856,0.108382724,0.24341385
38857,0.13849348,0.07419851
38858,0.25207502,0.9433462
38859,0.43414405,0.57311773
38860,0.008144311,0.08694251
38861,0.015745917,0.10822441
38862,0.12509073,0.9255956
38863,0.059088368,0.088405564
38864,0.1278654,0.93529534
38865,0.0018361091,0.026603151
38866,0.0178577,0.08887202
38867,0.03448938,0.247254
38868,0.14833663,0.13077366
38869,0.14742969,0.20923029
38870,0.67834777,0.5774668
38871,0.064819165,0.020085942
38872,0.26728725,0.39685088
38873,0.006460845,0.023363447
38874,0.038170096,0.48849148
38875,0.8542916,0.8949664
38876,0.21065718,0.20992601
38877,0.008445579,0.115737386
38878,0.009696706,0.6187731
38879,0.019122712,0.6455596
38880,0.04194018,0.7855368
38881,0.24472548,0.2157476
38882,0.2528651,0.85041183
38883,0.16204135,0.27989125
38884,0.12332957,0.9501359
38885,0.018709065,0.011077941
38886,0.036279105,0.084424205
38887,0.017893245,0.86551166
38888,0.7820884,0.65432274
38889,0.4604538,0.6187802
38890,0.6762377,0.3441325
38891,0.7926829,0.54045844
38892,0.030543538,0.84874964
38893,0.7389351,0.9668404
38894,0.9258147,0.9899312
38895,0.78782827,0.9266382
38896,0.0068125534,0.0749815
38897,0.18277377,0.21879095
38898,0.30610844,0.71921086
38899,0.06808065,0.13086647
38900,0.010493967,0.93989
38901,0.12012537,0.53471214
38902,0.12688527,0.17241234
38903,0.26564664,0.922286
38904,0.0077809924,0.014611317
38905,0.03208129,0.028928136
38906,0.12628008,0.9451238
38907,0.3749049,0.44884357
38908,0.10328651,0.11682569
38909,0.10147867,0.18280141
38910,0.009858073,0.06423893
38911,0.08133848,0.3183144
38912,0.05717477,0.9452467
38913,0.5159517,0.7387128
38914,0.02005773,0.20736013
38915,0.022575581,0.81151825
38916,0.866764,0.4746611
38917,0.08708466,0.2508423
38918,0.44944954,0.11376312
38919,0.63054484,0.5890039
38920,0.028309494,0.9220677
38921,0.20298085,0.20928504
38922,0.03547341,0.06444702
38923,0.012060454,0.57644504
38924,0.010293498,0.080795564
38925,0.77070266,0.8991257
38926,0.14164671,0.24277128
38927,0.018797614,0.0774525
38928,0.022820445,0.22149155
38929,0.21757655,0.8530183
38930,0.001116856,0.0049533676
38931,0.026488278,0.39857045
38932,0.83021444,0.80482775
38933,0.08821954,0.1928508
38934,0.3138357,0.47443593
38935,0.14269014,0.23183972
38936,0.22993994,0.80607724
38937,0.067740545,0.2547606
38938,0.10397823,0.095140934
38939,0.8139101,0.84783053
38940,0.28543305,0.9724492
38941,0.0028445646,0.015459235
38942,0.048932686,0.023472121
38943,0.8318522,0.7180728
38944,0.3554702,0.7540154
38945,0.041803487,0.60739833
38946,0.8739095,0.8069036
38947,0.030183207,0.9225382
38948,0.84820825,0.7463484
38949,0.853892,0.5576853
38950,0.11378085,0.13466789
38951,0.0628844,0.87048066
38952,0.009220685,0.3056422
38953,0.04240066,0.91197354
38954,0.9521341,0.84293854
38955,0.29556793,0.8821952
38956,0.031471122,0.7988403
38957,0.07897743,0.11615622
38958,0.0049346876,0.026284318
38959,0.0046655214,0.24093282
38960,0.028381163,0.26036954
38961,0.13613507,0.45778733
38962,0.0646157,0.14745906
38963,0.11029937,0.6092358
38964,0.014274619,0.031349804
38965,0.16611347,0.20852815
38966,0.006254807,0.19087033
38967,0.0010279587,0.0175942
38968,0.029624611,0.97466373
38969,0.79358226,0.95683056
38970,0.023926351,0.02612336
38971,0.09298525,0.55066437
38972,0.090595946,0.2800191
38973,0.0647921,0.8371007
38974,0.8982514,0.9854838
38975,0.019942455,0.34162486
38976,0.8785584,0.9192876
38977,0.0057858364,0.06047168
38978,0.0077437446,0.0016634926
38979,0.15092409,0.5079157
38980,0.036094893,0.6501956
38981,0.10216455,0.026194366
38982,0.42160124,0.6810989
38983,0.013448377,0.03050858
38984,0.32827663,0.63043267
38985,0.051090576,0.682096
38986,0.95804876,0.95150244
38987,0.021083966,0.82995313
38988,0.07899406,0.9849375
38989,0.5138974,0.95755816
38990,0.34453124,0.16157958
38991,0.39853835,0.37814906
38992,0.33649838,0.59111
38993,0.41103873,0.022681912
38994,0.024277588,0.5455005
38995,0.04846367,0.8564485
38996,0.023772974,0.9456698
38997,0.005421824,0.014963109
38998,0.20008774,0.41462144
38999,0.016380053,0.11789465
39000,0.74439025,0.975969
39001,0.065168165,0.32603556
39002,0.0056278044,0.08071468
39003,0.6603889,0.9010532
39004,0.39530277,0.9451427
39005,0.19236082,0.12378716
39006,0.29869738,0.3558967
39007,0.0032485812,0.013914039
39008,0.019006506,0.18468572
39009,0.099344365,0.7379621
39010,0.78355205,0.6798597
39011,0.01965477,0.20264629
39012,0.04394251,0.02166895
39013,0.18099494,0.9379448
39014,0.20760247,0.030203005
39015,0.15837105,0.97599196
39016,0.026085325,0.05840997
39017,0.009430172,0.066769354
39018,0.8370954,0.9556333
39019,0.09225556,0.45220944
39020,0.0155293755,0.7734081
39021,0.17003866,0.027639888
39022,0.50388914,0.93133813
39023,0.881194,0.9547116
39024,0.043463856,0.33077395
39025,0.008010038,0.09991748
39026,0.12406187,0.08655247
39027,0.023850173,0.66916645
39028,0.80932695,0.9306823
39029,0.0026971113,0.013910455
39030,0.2002334,0.47683895
39031,0.035699222,0.11861923
39032,0.16559525,0.26443303
39033,0.0030130423,0.051370647
39034,0.06671948,0.56599694
39035,0.15912183,0.20644985
39036,0.14998326,0.15907796
39037,0.38134867,0.053000834
39038,0.048043124,0.17960772
39039,0.046101306,0.038272236
39040,0.13716367,0.50701904
39041,0.04485973,0.052183986
39042,0.2657474,0.88020796
39043,0.038619187,0.027191991
39044,0.951399,0.9724764
39045,0.047800813,0.7465527
39046,0.000872691,0.005013818
39047,0.07187785,0.17166848
39048,0.099987015,0.8364799
39049,0.2239587,0.5416176
39050,0.1409042,0.8593705
39051,0.0032795551,0.20534737
39052,0.25655434,0.66103894
39053,0.3701371,0.29385892
39054,0.008163535,0.05427623
39055,0.04336647,0.07141207
39056,0.02934077,0.04141286
39057,0.0084108375,0.12202509
39058,0.07429441,0.09198302
39059,0.09766303,0.06290931
39060,0.42699414,0.68578875
39061,0.052759055,0.31140465
39062,0.024537846,0.31495032
39063,0.3070887,0.66556436
39064,0.4367122,0.07525156
39065,0.114621736,0.67377454
39066,0.018866964,0.67389953
39067,0.4907761,0.80434555
39068,0.0077202986,0.072354734
39069,0.07371805,0.4472194
39070,0.046164464,0.57054394
39071,0.2112122,0.72652906
39072,0.017856631,0.037759293
39073,0.5102766,0.6196143
39074,0.0581836,0.77463186
39075,0.017494798,0.27676907
39076,0.0047846814,0.04055481
39077,0.035375923,0.81247866
39078,0.10397606,0.033174973
39079,0.03992744,0.04805979
39080,0.14337577,0.9110437
39081,0.03654728,0.20069979
39082,0.018870967,0.01089096
39083,0.014500187,0.06624842
39084,0.8250137,0.92983305
39085,0.3278529,0.86456525
39086,0.039678585,0.108788736
39087,0.13765977,0.35818964
39088,0.942841,0.96849066
39089,0.33211753,0.4170748
39090,0.8318565,0.43026218
39091,0.21251547,0.88322127
39092,0.34450966,0.38033274
39093,0.5077184,0.6007835
39094,0.053742073,0.31364802
39095,0.04243517,0.3335303
39096,0.017129857,0.05919068
39097,0.06817204,0.83932763
39098,0.019742941,0.23595463
39099,0.81184787,0.82558894
39100,0.054388233,0.3987084
39101,0.03837765,0.84132284
39102,0.005123824,0.06400433
39103,0.03309552,0.054117084
39104,0.02005822,0.43298241
39105,0.6629243,0.59660894
39106,0.019107094,0.8025667
39107,0.52570844,0.7433384
39108,0.6577319,0.64752275
39109,0.057644814,0.87951416
39110,0.061939806,0.94791424
39111,0.37617394,0.8775452
39112,0.38684717,0.6736712
39113,0.0871475,0.95171183
39114,0.24257892,0.28780353
39115,0.0436731,0.1537435
39116,0.01852119,0.19118933
39117,0.0072619766,0.65408987
39118,0.21402867,0.31360647
39119,0.17022243,0.817712
39120,0.42882133,0.9337532
39121,0.13327171,0.14647008
39122,0.16292281,0.119948655
39123,0.011576304,0.8819541
39124,0.05275343,0.93097013
39125,0.020294154,0.41163984
39126,0.18829997,0.24160601
39127,0.76838297,0.91563165
39128,0.016387269,0.4698698
39129,0.06059057,0.07772745
39130,0.6886156,0.9502211
39131,0.9292149,0.9266385
39132,0.0070994496,0.9064957
39133,0.011910846,0.059757285
39134,0.07180787,0.23037265
39135,0.07430375,0.5560332
39136,0.14916648,0.59989715
39137,0.08257252,0.80895746
39138,0.10693011,0.38628727
39139,0.0981362,0.45177764
39140,0.78400666,0.86010635
39141,0.5603788,0.05992374
39142,0.009368224,0.6450575
39143,0.05889766,0.12545492
39144,0.006756634,0.38973334
39145,0.9516385,0.8488573
39146,0.16257933,0.055233654
39147,0.0014720627,0.018036218
39148,0.53350353,0.35850677
39149,0.42450446,0.16689803
39150,0.004373707,0.1703733
39151,0.0013278351,0.054847118
39152,0.26852268,0.90296924
39153,0.054540914,0.40657315
39154,0.013587064,0.0821235
39155,0.0770428,0.77870053
39156,0.17608812,0.91501045
39157,0.0052775503,0.084078975
39158,0.112912275,0.5719925
39159,0.02225318,0.036794163
39160,0.07347336,0.23873599
39161,0.05048335,0.5239247
39162,0.013291285,0.2688211
39163,0.22907077,0.8207554
39164,0.3189174,0.1793043
39165,0.1738517,0.9508011
39166,0.06944485,0.8853029
39167,0.028993394,0.65625376
39168,0.0018201483,0.0652361
39169,0.034303423,0.16969444
39170,0.86461955,0.85817075
39171,0.10203306,0.059334897
39172,0.83799094,0.897487
39173,0.07035169,0.38582465
39174,0.013904314,0.35605565
39175,0.22467756,0.11368701
39176,0.33284375,0.44788086
39177,0.012588813,0.701003
39178,0.04370196,0.69816774
39179,0.05908898,0.17714012
39180,0.71197695,0.94768006
39181,0.17043748,0.38040945
39182,0.00895918,0.0121147465
39183,0.87491775,0.93039685
39184,0.007484313,0.11938509
39185,0.2506988,0.20455194
39186,0.17057191,0.7385632
39187,0.087987565,0.31328398
39188,0.8370715,0.916631
39189,0.021389514,0.24470921
39190,0.0747675,0.12511474
39191,0.69141924,0.40000993
39192,0.64372426,0.55276394
39193,0.20134503,0.11889676
39194,0.037829116,0.11167793
39195,0.021378882,0.05046517
39196,0.06707213,0.8211705
39197,0.7428968,0.57043356
39198,0.3830824,0.73646593
39199,0.0791513,0.08679137
39200,0.040490586,0.08170025
39201,0.5260885,0.93436474
39202,0.011906082,0.090761065
39203,0.056199294,0.9065259
39204,0.08538279,0.8844437
39205,0.01599636,0.13575387
39206,0.96498924,0.95826435
39207,0.029651873,0.8234046
39208,0.015576765,0.4803882
39209,0.022422547,0.85841066
39210,0.07324128,0.01766331
39211,0.035736863,0.02854381
39212,0.01078497,0.14805911
39213,0.06456473,0.688136
39214,0.6092183,0.9054863
39215,0.40121147,0.95410514
39216,0.018879417,0.023676444
39217,0.03335773,0.6120817
39218,0.24387541,0.9660085
39219,0.10820334,0.39294276
39220,0.09570307,0.27909663
39221,0.94820386,0.9422474
39222,0.9690141,0.8859601
39223,0.047874853,0.13761972
39224,0.008976563,0.19213043
39225,0.5162334,0.4712849
39226,0.75513405,0.7743463
39227,0.013848544,0.074947
39228,0.13115942,0.05240814
39229,0.5445143,0.93547153
39230,0.0029845978,0.0292536
39231,0.09193081,0.31136802
39232,0.91729105,0.9672747
39233,0.2932655,0.84805876
39234,0.061721865,0.8373939
39235,0.0028935997,0.33448076
39236,0.024529675,0.022106789
39237,0.3351503,0.13087797
39238,0.30390346,0.6956494
39239,0.017264754,0.1476703
39240,0.045571297,0.20553857
39241,0.81818086,0.996951
39242,0.13116059,0.15593338
39243,0.7133386,0.68329614
39244,0.035452694,0.20928654
39245,0.00232853,0.069631554
39246,0.08225944,0.30554667
39247,0.17481747,0.74029344
39248,0.63078904,0.85572755
39249,0.4082399,0.6067743
39250,0.024546338,0.121317565
39251,0.7998212,0.8731873
39252,0.009355245,0.21336582
39253,0.025222914,0.09287677
39254,0.031193882,0.1537558
39255,0.020546991,0.48403555
39256,0.032425523,0.048979506
39257,0.064755544,0.17016211
39258,0.8375741,0.9035824
39259,0.0057447283,0.17717662
39260,0.024164442,0.052240852
39261,0.039512947,0.08573299
39262,0.7525671,0.92046046
39263,0.008451367,0.06862412
39264,0.0085686175,0.051384624
39265,0.025922034,0.91776985
39266,0.024409296,0.45871162
39267,0.09865976,0.14644004
39268,0.10427098,0.6986829
39269,0.014057566,0.27093244
39270,0.046043787,0.066877894
39271,0.08142646,0.8332999
39272,0.04072421,0.13225996
39273,0.56996065,0.8329014
39274,0.021773502,0.20690009
39275,0.15824106,0.9131419
39276,0.05619013,0.93413323
39277,0.021336699,0.07737373
39278,0.13810848,0.37051383
39279,0.02398125,0.79450333
39280,0.3888153,0.79843205
39281,0.24879949,0.40996167
39282,0.025865817,0.6153565
39283,0.9241798,0.98362064
39284,0.022189666,0.092921324
39285,0.054792397,0.21880561
39286,0.120655924,0.47153482
39287,0.06041447,0.9718094
39288,0.036836833,0.15623178
39289,0.08345255,0.7776943
39290,0.023140144,0.23183304
39291,0.10729567,0.51288605
39292,0.016835045,0.032175284
39293,0.89924926,0.904276
39294,0.0004634192,0.013229231
39295,0.028617766,0.20347704
39296,0.38455412,0.92778325
39297,0.023017682,0.10090866
39298,0.022555152,0.5481136
39299,0.10419174,0.8460597
39300,0.08928729,0.19318737
39301,0.031800583,0.7077156
39302,0.16717887,0.62009925
39303,0.005442658,0.5492352
39304,0.77045566,0.3558728
39305,0.004312044,0.123526916
39306,0.010426364,0.080210894
39307,0.0299639,0.20830177
39308,0.932199,0.9519108
39309,0.8599553,0.99402183
39310,0.09112532,0.24551609
39311,0.9690268,0.9013264
39312,0.05190329,0.0522704
39313,0.06492874,0.906954
39314,0.6549479,0.7695535
39315,0.6559805,0.96405214
39316,0.026398772,0.054789864
39317,0.024422245,0.73186636
39318,0.058282863,0.12282199
39319,0.019851713,0.91786945
39320,0.49799234,0.6673829
39321,0.011835841,0.04725915
39322,0.050154924,0.15649825
39323,0.0073758485,0.033117067
39324,0.04336225,0.31624287
39325,0.13039969,0.94414645
39326,0.16015247,0.2859725
39327,0.010386148,0.04230317
39328,0.74003375,0.639844
39329,0.47494382,0.5958321
39330,0.029161574,0.053351782
39331,0.0021637885,0.033212055
39332,0.060415264,0.2138015
39333,0.24183711,0.2612553
39334,0.015471409,0.81609046
39335,0.0034763815,0.020367388
39336,0.0028633564,0.14704663
39337,0.13939089,0.23546837
39338,0.0373742,0.56812423
39339,0.016663736,0.15140028
39340,0.016519312,0.093980335
39341,0.048880164,0.024973113
39342,0.07779324,0.22410646
39343,0.29141775,0.73976785
39344,0.11587062,0.9571157
39345,0.052532785,0.88253266
39346,0.72057676,0.6481983
39347,0.44212666,0.57196826
39348,0.20258005,0.4897296
39349,0.03488357,0.8285563
39350,0.3159291,0.8479659
39351,0.05702142,0.80648416
39352,0.0333071,0.4181712
39353,0.33813724,0.95213217
39354,0.31401289,0.72107446
39355,0.75791764,0.9658134
39356,0.0224974,0.06578634
39357,0.0066373926,0.06506316
39358,0.022659963,0.3687406
39359,0.122535706,0.7310253
39360,0.14741363,0.7715086
39361,0.17592837,0.88965684
39362,0.014602744,0.17828737
39363,0.11285758,0.7787153
39364,0.7017407,0.94452244
39365,0.030617531,0.11842671
39366,0.06133517,0.5600354
39367,0.058437444,0.59263074
39368,0.35193288,0.5009251
39369,0.046056625,0.16922309
39370,0.074837856,0.9606821
39371,0.0049597286,0.2014868
39372,0.31520456,0.8748306
39373,0.08604312,0.25174293
39374,0.9438188,0.97949755
39375,0.022535969,0.11571782
39376,0.48209217,0.8364919
39377,0.17874724,0.67881614
39378,0.27188206,0.5573614
39379,0.42255443,0.16274078
39380,0.09392036,0.091969304
39381,0.021319708,0.046156902
39382,0.08835452,0.28904232
39383,0.020049667,0.024822341
39384,0.046171214,0.8716264
39385,0.003874848,0.012589803
39386,0.60832447,0.09229584
39387,0.06484518,0.12493076
39388,0.7332803,0.9280258
39389,0.22130324,0.37048665
39390,0.18646838,0.8335361
39391,0.04403811,0.62171245
39392,0.6834906,0.84061956
39393,0.87157255,0.8863484
39394,0.07573564,0.75898165
39395,0.55082965,0.35674715
39396,0.0151201235,0.8017521
39397,0.0043135616,0.012562961
39398,0.0361403,0.46157157
39399,0.022439709,0.096584186
39400,0.11606554,0.79931426
39401,0.60245705,0.6455489
39402,0.72700703,0.8453347
39403,0.047492407,0.9559742
39404,0.12864085,0.25386193
39405,0.03457348,0.015556898
39406,0.1866431,0.6008185
39407,0.06311753,0.9483506
39408,0.09850054,0.11989733
39409,0.0020943098,0.054359194
39410,0.03752489,0.48413673
39411,0.07739011,0.4540286
39412,0.09219648,0.51761484
39413,0.043933637,0.47069734
39414,0.07310454,0.98655814
39415,0.036903,0.1679994
39416,0.113213114,0.14039634
39417,0.8593797,0.9299116
39418,0.4385484,0.102747105
39419,0.21380024,0.55600756
39420,0.004289784,0.0058383886
39421,0.016532393,0.014036597
39422,0.51410156,0.047463924
39423,0.21729635,0.92612493
39424,0.16277967,0.18735264
39425,0.7817194,0.7163881
39426,0.03717112,0.2938075
39427,0.019010115,0.8903256
39428,0.94968516,0.967995
39429,0.48786998,0.9580224
39430,0.12141445,0.043586057
39431,0.16894028,0.078127295
39432,0.19609588,0.36059833
39433,0.16009907,0.6432725
39434,0.04607922,0.6160361
39435,0.09036492,0.42271465
39436,0.3355041,0.52900326
39437,0.16654085,0.8173394
39438,0.9471963,0.88939875
39439,0.19125618,0.1384763
39440,0.982812,0.9779182
39441,0.14455566,0.25461832
39442,0.5468901,0.90950495
39443,0.9572704,0.9312005
39444,0.027150132,0.64701587
39445,0.045974772,0.28907156
39446,0.017959388,0.070896015
39447,0.28457835,0.7077623
39448,0.01301712,0.05957687
39449,0.07499533,0.7073489
39450,0.06449458,0.74494505
39451,0.017118428,0.4033066
39452,0.053679362,0.14021759
39453,0.1812118,0.43839905
39454,0.826128,0.9859329
39455,0.028141716,0.041052107
39456,0.09169622,0.15514594
39457,0.3443067,0.35971546
39458,0.21806972,0.9733121
39459,0.36448723,0.90433425
39460,0.21482605,0.10804081
39461,0.04031092,0.47382948
39462,0.23704045,0.7934897
39463,0.079209715,0.09456949
39464,0.13155416,0.45935225
39465,0.010052673,0.05160104
39466,0.23496753,0.25094354
39467,0.25038943,0.85817355
39468,0.020830419,0.3817137
39469,0.003441489,0.04130723
39470,0.083986975,0.4756505
39471,0.0032227694,0.009253698
39472,0.2752033,0.40387294
39473,0.112640776,0.15541376
39474,0.033974767,0.29055592
39475,0.5222706,0.8351022
39476,0.08619458,0.14420107
39477,0.054521464,0.15514605
39478,0.03606092,0.0907005
39479,0.20366576,0.41723764
39480,0.08823193,0.19532761
39481,0.027821124,0.7817414
39482,0.5777284,0.9496685
39483,0.053661354,0.11170729
39484,0.0067283404,0.051025275
39485,0.012704615,0.5293928
39486,0.020362874,0.29862344
39487,0.020764394,0.7009601
39488,0.7961407,0.48704672
39489,0.77084213,0.64972496
39490,0.8313136,0.8435031
39491,0.04049863,0.05273123
39492,0.9090703,0.9712191
39493,0.021743571,0.265907
39494,0.02129956,0.58766776
39495,0.17250016,0.08654649
39496,0.7878496,0.86712545
39497,0.7229804,0.8432035
39498,0.026599003,0.16828854
39499,0.7140026,0.84561104
39500,0.014054606,0.7669996
39501,0.03753422,0.21381588
39502,0.80077744,0.8804166
39503,0.06663073,0.8509658
39504,0.0046418617,0.017939275
39505,0.23515032,0.075719334
39506,0.825841,0.96330297
39507,0.6692031,0.82821196
39508,0.019998726,0.4279146
39509,0.0644066,0.29814273
39510,0.10961427,0.07107011
39511,0.15320303,0.31694803
39512,0.23363857,0.12277963
39513,0.11773736,0.66043586
39514,0.45178226,0.29329455
39515,0.11194356,0.56428015
39516,0.02281701,0.08724211
39517,0.013854095,0.4282489
39518,0.4171582,0.62212753
39519,0.021885533,0.18926316
39520,0.4308958,0.68170846
39521,0.10802418,0.391769
39522,0.07583046,0.5663981
39523,0.045647353,0.1401919
39524,0.016539667,0.7090221
39525,0.034994755,0.63018316
39526,0.007767119,0.03232975
39527,0.0030988602,0.17638183
39528,0.017391695,0.2011191
39529,0.111420006,0.47205085
39530,0.084249794,0.408269
39531,0.6301839,0.74374574
39532,0.03285029,0.4953083
39533,0.031449385,0.019594176
39534,0.09864066,0.9060386
39535,0.043366414,0.9573364
39536,0.0087399585,0.055075265
39537,0.03672213,0.8333308
39538,0.011259437,0.22949651
39539,0.30153722,0.87620723
39540,0.7896042,0.71403867
39541,0.1135925,0.075908676
39542,0.048957333,0.15770145
39543,0.12527138,0.3369571
39544,0.18239714,0.40349096
39545,0.00054016756,0.023702614
39546,0.097995035,0.14738801
39547,0.6162181,0.6116279
39548,0.31588477,0.17203793
39549,0.0772397,0.97324705
39550,0.012428625,0.6953358
39551,0.034930605,0.3006873
39552,0.16889304,0.4524262
39553,0.04816126,0.17200078
39554,0.111895375,0.68609613
39555,0.0075107557,0.21340384
39556,0.03690716,0.79851425
39557,0.05293661,0.11485267
39558,0.20048599,0.78143626
39559,0.00088287215,0.018017897
39560,0.041156475,0.19584535
39561,0.6283564,0.7478166
39562,0.023433974,0.06606424
39563,0.3082708,0.8469426
39564,0.7261257,0.8360745
39565,0.14268978,0.92136204
39566,0.24246578,0.65089256
39567,0.056406908,0.66967654
39568,0.029983997,0.59326273
39569,0.025235005,0.012109208
39570,0.43488976,0.4837128
39571,0.124238215,0.73270947
39572,0.26665142,0.50671464
39573,0.049480442,0.0981182
39574,0.4676341,0.5286772
39575,0.080362864,0.728522
39576,0.017346697,0.10396253
39577,0.012125943,0.10490453
39578,0.35551196,0.10359231
39579,0.63778603,0.8389739
39580,0.9471542,0.5953104
39581,0.25939283,0.70149344
39582,0.18391024,0.89198434
39583,0.02408352,0.06657843
39584,0.9702829,0.55905324
39585,0.010066509,0.3624681
39586,0.6922906,0.6980361
39587,0.01757438,0.6073322
39588,0.12395107,0.4980552
39589,0.0071942788,0.3843879
39590,0.018471738,0.121975
39591,0.0067343665,0.019769795
39592,0.02966478,0.014863474
39593,0.189213,0.71653134
39594,0.06665873,0.85793036
39595,0.059422925,0.73727554
39596,0.036891095,0.896088
39597,0.048669428,0.20449054
39598,0.002381885,0.03541068
39599,0.66283375,0.76627606
39600,0.15623112,0.06436482
39601,0.02485139,0.18640745
39602,0.010541766,0.23895445
39603,0.733303,0.7921972
39604,0.041355584,0.18377484
39605,0.44274953,0.5677907
39606,0.07359978,0.71301025
39607,0.011095329,0.055561084
39608,0.4536213,0.78577566
39609,0.05237295,0.58450073
39610,0.7556615,0.1835715
39611,0.8429069,0.94610053
39612,0.047837995,0.030918071
39613,0.04959727,0.057937656
39614,0.44680926,0.81622756
39615,0.1897831,0.678851
39616,0.07245321,0.43356982
39617,0.27898288,0.8037905
39618,0.60754913,0.94622403
39619,0.22439873,0.9750319
39620,0.474526,0.9673314
39621,0.022015005,0.5267096
39622,0.18819633,0.7771272
39623,0.0022026654,0.0019570198
39624,0.11562336,0.19540715
39625,0.12832382,0.40047565
39626,0.054015856,0.09610637
39627,0.7616471,0.90531987
39628,0.44327712,0.9220875
39629,0.15186201,0.9221547
39630,0.051460285,0.40953025
39631,0.13347794,0.8513236
39632,0.0060491706,0.040056396
39633,0.1046297,0.938235
39634,0.93945533,0.95190513
39635,0.03251985,0.11033377
39636,0.038513485,0.8690564
39637,0.03296651,0.16828884
39638,0.037976403,0.6999103
39639,0.62214434,0.57277256
39640,0.307103,0.54683644
39641,0.7651361,0.7700559
39642,0.15938273,0.8240422
39643,0.7915113,0.9831117
39644,0.031232165,0.80160177
39645,0.0059247077,0.069031216
39646,0.19861612,0.5238713
39647,0.06063732,0.94773287
39648,0.49383342,0.9732021
39649,0.00407615,0.11450196
39650,0.11526654,0.26877105
39651,0.008318448,0.08228509
39652,0.009677379,0.8932454
39653,0.089656174,0.90014297
39654,0.017798712,0.0677952
39655,0.026807252,0.04363341
39656,0.3411969,0.9079717
39657,0.028095901,0.12244733
39658,0.48572686,0.348273
39659,0.8253291,0.9794388
39660,0.001621688,0.030345816
39661,0.2651292,0.30192247
39662,0.02470672,0.12506132
39663,0.010312285,0.5598222
39664,0.030510973,0.76646835
39665,0.012363523,0.16760083
39666,0.06543566,0.7391391
39667,0.24571933,0.06704304
39668,0.98133194,0.9384223
39669,0.2011015,0.824644
39670,0.009761376,0.13446149
39671,0.059263706,0.23318392
39672,0.039186515,0.20968756
39673,0.28873006,0.40289557
39674,0.08946462,0.7609435
39675,0.024254385,0.07443267
39676,0.10580866,0.060866963
39677,0.826563,0.71126056
39678,0.0078096604,0.06947696
39679,0.84116626,0.9342877
39680,0.058418293,0.010445998
39681,0.3546865,0.23896448
39682,0.09014857,0.063973285
39683,0.019873017,0.45637912
39684,0.05712232,0.08258087
39685,0.45426893,0.257816
39686,0.0046299864,0.34222662
39687,0.43553618,0.87021065
39688,0.036994494,0.7370792
39689,0.23716228,0.8941847
39690,0.03877996,0.23894675
39691,0.016657267,0.64491075
39692,0.026076162,0.78396046
39693,0.18050717,0.8941169
39694,0.29486448,0.2439909
39695,0.6581269,0.74089193
39696,0.070362516,0.92209965
39697,0.025156122,0.5581311
39698,0.13405164,0.99513876
39699,0.020660156,0.15620461
39700,0.10192325,0.18407105
39701,0.01933705,0.15499437
39702,0.023311062,0.8287961
39703,0.9124993,0.9829071
39704,0.0037338643,0.13390929
39705,0.25767222,0.44060338
39706,0.0041461037,0.11924973
39707,0.0028714493,0.105224654
39708,0.0067357863,0.05558079
39709,0.26820037,0.12642156
39710,0.93317014,0.93158686
39711,0.08554593,0.3798128
39712,0.0032116785,0.17975898
39713,0.66805965,0.89927953
39714,0.011984863,0.067945115
39715,0.038456693,0.65399784
39716,0.045224126,0.26408318
39717,0.8287298,0.38363764
39718,0.07860537,0.98685557
39719,0.10267244,0.14179939
39720,0.16493991,0.114733994
39721,0.029005503,0.70059097
39722,0.017989978,0.95737785
39723,0.009348062,0.5499362
39724,0.012866764,0.52916586
39725,0.26890993,0.69111
39726,0.011421956,0.019293884
39727,0.0357423,0.8647146
39728,0.049180314,0.37313214
39729,0.004907282,0.15790448
39730,0.05166114,0.6290533
39731,0.01385702,0.10803814
39732,0.022669611,0.20734775
39733,0.107818104,0.1681499
39734,0.041545473,0.24039873
39735,0.058705255,0.4464789
39736,0.004970386,0.05911678
39737,0.6109593,0.36615992
39738,0.2685523,0.707479
39739,0.28107983,0.34187236
39740,0.09509679,0.69528866
39741,0.009043775,0.0075508994
39742,0.9704437,0.96727365
39743,0.030472722,0.4947956
39744,0.044319265,0.85578
39745,0.256467,0.42269114
39746,0.007550481,0.025225516
39747,0.6722473,0.8522326
39748,0.037182506,0.071765505
39749,0.037648056,0.07005597
39750,0.048831627,0.87583435
39751,0.04570243,0.1509354
39752,0.2663418,0.19442254
39753,0.053500496,0.9532104
39754,0.004068143,0.008014446
39755,0.8783262,0.9872335
39756,0.04638851,0.69787467
39757,0.0921881,0.104196504
39758,0.20019932,0.23663162
39759,0.01388523,0.6154277
39760,0.10349876,0.57794124
39761,0.47374317,0.5907001
39762,0.03822856,0.22468832
39763,0.027934272,0.05859501
39764,0.0047656302,0.25050062
39765,0.020936595,0.90255773
39766,0.018080762,0.47882205
39767,0.018582445,0.051625125
39768,0.15006903,0.8951927
39769,0.09540019,0.058052015
39770,0.028967455,0.6067487
39771,0.08633442,0.89704895
39772,0.09165215,0.18612088
39773,0.03118861,0.28655544
39774,0.03323506,0.95553255
39775,0.006167489,0.9388289
39776,0.15173477,0.23620702
39777,0.06949641,0.6724227
39778,0.046862334,0.31940535
39779,0.009870624,0.06752036
39780,0.0013803218,0.12888749
39781,0.023321692,0.16851854
39782,0.03583499,0.12333895
39783,0.022140305,0.8153519
39784,0.009962285,0.1970164
39785,0.052175,0.13094808
39786,0.0022534495,0.3803667
39787,0.89352465,0.73973626
39788,0.063610226,0.79978395
39789,0.19313681,0.6313903
39790,0.0073842006,0.16965209
39791,0.08980908,0.42707714
39792,0.0021475703,0.10100589
39793,0.02095947,0.1170897
39794,0.68662906,0.88027436
39795,0.20471637,0.05749349
39796,0.0117729595,0.22980724
39797,0.02786016,0.17234506
39798,0.04141086,0.35786033
39799,0.109833,0.8046155
39800,0.082941346,0.09362184
39801,0.04965523,0.17937927
39802,0.014305542,0.9033154
39803,0.012874082,0.66999614
39804,0.02950657,0.00940455
39805,0.013013758,0.21150003
39806,0.010285839,0.011304423
39807,0.020079149,0.089499354
39808,0.19336784,0.09715906
39809,0.38780013,0.11587005
39810,0.45427704,0.81388414
39811,0.5848103,0.5649413
39812,0.009774918,0.026384998
39813,0.1260196,0.8110005
39814,0.2863259,0.8753462
39815,0.016721865,0.0429079
39816,0.1955853,0.15238544
39817,0.35780331,0.8280145
39818,0.0037535054,0.08085116
39819,0.019861564,0.17089483
39820,0.41294494,0.8931195
39821,0.008475396,0.8590291
39822,0.009062096,0.02840652
39823,0.041135028,0.5738065
39824,0.06262745,0.21430744
39825,0.01067805,0.04886429
39826,0.63819337,0.9055622
39827,0.09901833,0.3419458
39828,0.18156391,0.7531824
39829,0.0039654104,0.007272996
39830,0.0873562,0.16138524
39831,0.06756329,0.053135525
39832,0.01311424,0.015109063
39833,0.80640036,0.49535424
39834,0.026134577,0.6122357
39835,0.06346738,0.10693386
39836,0.02554577,0.8544299
39837,0.059683286,0.19219713
39838,0.10187308,0.9373373
39839,0.096478894,0.7316411
39840,0.02945427,0.548539
39841,0.36073065,0.5775656
39842,0.2876202,0.38958362
39843,0.006360541,0.015150438
39844,0.022794116,0.10317479
39845,0.015551918,0.72539306
39846,0.6198081,0.6604741
39847,0.05195099,0.5874215
39848,0.05276568,0.14092374
39849,0.13560028,0.5035284
39850,0.87745816,0.9957664
39851,0.0002770976,0.1266
39852,0.04373375,0.11004057
39853,0.03110342,0.031061722
39854,0.034139924,0.302209
39855,0.1593548,0.16133906
39856,0.00740681,0.008633915
39857,0.07688677,0.76049393
39858,0.054218873,0.5341183
39859,0.21952057,0.5031625
39860,0.23484586,0.5316216
39861,0.0070624375,0.83358073
39862,0.0034688935,0.33703792
39863,0.026508532,0.040440626
39864,0.5514963,0.82485884
39865,0.5214633,0.68625593
39866,0.008645473,0.032850202
39867,0.007902755,0.08686322
39868,0.9356125,0.9741887
39869,0.18334341,0.78850675
39870,0.054031648,0.10446497
39871,0.009635891,0.38545984
39872,0.013928381,0.16730294
39873,0.40343028,0.81138206
39874,0.025121188,0.8458521
39875,0.053617977,0.117061675
39876,0.034273274,0.065458804
39877,0.041897647,0.006439289
39878,0.011692938,0.10243587
39879,0.48629725,0.4210074
39880,0.58792716,0.8334976
39881,0.059311457,0.024020113
39882,0.3148731,0.086032644
39883,0.1333657,0.5767877
39884,0.08579158,0.20348401
39885,0.013809612,0.07644516
39886,0.04915346,0.49014962
39887,0.004081492,0.10969355
39888,0.08413977,0.10187639
39889,0.33434975,0.35648984
39890,0.026394898,0.23062071
39891,0.045816146,0.47767645
39892,0.090120986,0.03089157
39893,0.031507768,0.7222098
39894,0.11982066,0.2797509
39895,0.23324983,0.20570911
39896,0.06992359,0.63828135
39897,0.078320764,0.4093415
39898,0.031862497,0.013587671
39899,0.018212367,0.051640727
39900,0.04860421,0.21137552
39901,0.21216378,0.13000418
39902,0.73451746,0.75435686
39903,0.86365026,0.8654095
39904,0.05994029,0.04856687
39905,0.09003164,0.77086383
39906,0.058404118,0.06799822
39907,0.015673261,0.86636287
39908,0.06872723,0.5079596
39909,0.10045207,0.9826401
39910,0.11817255,0.13033314
39911,0.16028714,0.04658135
39912,0.17324965,0.8068648
39913,0.0015521568,0.008121021
39914,0.89678156,0.93046176
39915,0.06499721,0.24381435
39916,0.025401209,0.22373316
39917,0.09266832,0.10365751
39918,0.31432626,0.16877648
39919,0.118121915,0.5350265
39920,0.11041716,0.39141434
39921,0.04362578,0.28789377
39922,0.28439954,0.8939875
39923,0.089767925,0.44294146
39924,0.02084814,0.06587917
39925,0.07953196,0.8455965
39926,0.70683366,0.16947718
39927,0.026721915,0.20042323
39928,0.021613615,0.15195459
39929,0.0029670985,0.05088658
39930,0.11523958,0.1540549
39931,0.12703077,0.35304543
39932,0.020971201,0.4178561
39933,0.33552814,0.14590022
39934,0.048951264,0.25474674
39935,0.025091095,0.32045949
39936,0.005553484,0.28738695
39937,0.06981488,0.0855198
39938,0.0026227415,0.03846987
39939,0.034357805,0.9629836
39940,0.719053,0.7120026
39941,0.7193502,0.82682735
39942,0.05277358,0.28198195
39943,0.8342195,0.9646948
39944,0.8270467,0.93844396
39945,0.33723578,0.6857496
39946,0.58917266,0.10522605
39947,0.18005392,0.8436898
39948,0.06491144,0.33661228
39949,0.013667495,0.3663469
39950,0.0024206145,0.36633494
39951,0.035781823,0.08410514
39952,0.05920931,0.55215764
39953,0.13732831,0.58138496
39954,0.17789409,0.36213955
39955,0.009957325,0.958494
39956,0.0045799753,0.123692036
39957,0.11968323,0.15206093
39958,0.93863916,0.9627441
39959,0.62766343,0.501267
39960,0.08313846,0.28911775
39961,0.17370026,0.8695908
39962,0.010704917,0.121117085
39963,0.046555784,0.13641469
39964,0.10755935,0.72761095
39965,0.7432798,0.95581317
39966,0.24904586,0.43076274
39967,0.94850475,0.95462775
39968,0.0792792,0.1553089
39969,0.007720853,0.89006764
39970,0.81937027,0.7911393
39971,0.49689153,0.25508994
39972,0.6374414,0.24470897
39973,0.012354356,0.03595033
39974,0.011175422,0.81775963
39975,0.46336064,0.9333971
39976,0.015399263,0.27540588
39977,0.08128103,0.22480258
39978,0.002133172,0.015547647
39979,0.68489736,0.22291507
39980,0.013469162,0.063483946
39981,0.8501248,0.83910346
39982,0.0042038485,0.08115953
39983,0.08253062,0.6474564
39984,0.23221894,0.3480086
39985,0.012877857,0.019920966
39986,0.110204674,0.1422154
39987,0.010995449,0.12799284
39988,0.6461381,0.751156
39989,0.06870503,0.10162311
39990,0.36874306,0.95414543
39991,0.0697479,0.8613887
39992,0.02473971,0.32629785
39993,0.028956102,0.107167006
39994,0.51455486,0.74732924
39995,0.118176356,0.052808918
39996,0.8520767,0.7325847
39997,0.045289285,0.444147
39998,0.0180433,0.8225049
39999,0.06932895,0.68248975
40000,0.0050022583,0.3026968
40001,0.06311977,0.7087011
40002,0.24737398,0.18018414
40003,0.013044993,0.18594845
40004,0.014529645,0.050930135
40005,0.05228411,0.08763211
40006,0.5691529,0.82647437
40007,0.040910702,0.9112074
40008,0.111818954,0.35467672
40009,0.48566985,0.52321863
40010,0.118934035,0.75844926
40011,0.16081136,0.7066724
40012,0.45290107,0.7643426
40013,0.38486364,0.66845506
40014,0.014492072,0.036153134
40015,0.22865793,0.5389331
40016,0.017944105,0.576908
40017,0.09962445,0.07183959
40018,0.046840686,0.04372267
40019,0.08501364,0.24802229
40020,0.89645135,0.95542103
40021,0.055513315,0.32603356
40022,0.0032932593,0.16889434
40023,0.4535952,0.61971754
40024,0.75413686,0.93653136
40025,0.015128277,0.082596175
40026,0.035758886,0.042000744
40027,0.30657324,0.86440945
40028,0.8271453,0.8998287
40029,0.04395859,0.1636212
40030,0.04520323,0.11472083
40031,0.06345086,0.01656589
40032,0.040336523,0.7374294
40033,0.04287523,0.7209755
40034,0.31707788,0.23123321
40035,0.05900514,0.76667106
40036,0.4532651,0.36235806
40037,0.17498182,0.9482777
40038,0.3652695,0.96915734
40039,0.32850316,0.73580587
40040,0.04649335,0.8114156
40041,0.51391584,0.95243746
40042,0.0059709125,0.90367585
40043,0.2218101,0.79966086
40044,0.92295176,0.88537943
40045,0.07447436,0.025184693
40046,0.011237491,0.44877705
40047,0.05569671,0.75564176
40048,0.11141123,0.2518167
40049,0.7910606,0.8322909
40050,0.956487,0.980923
40051,0.104590714,0.8542402
40052,0.0028497644,0.04073305
40053,0.06283455,0.073759705
40054,0.01391035,0.73567176
40055,0.11031077,0.4121681
40056,0.41073233,0.36016467
40057,0.64392626,0.9917412
40058,0.13318783,0.05070219
40059,0.0045705484,0.6723549
40060,0.04539091,0.94224197
40061,0.019743185,0.8861096
40062,0.05990144,0.03718732
40063,0.4676021,0.8558992
40064,0.029197646,0.96700716
40065,0.8875232,0.92670614
40066,0.13959226,0.22068599
40067,0.07948069,0.25729808
40068,0.056875244,0.1181623
40069,0.4624298,0.8444309
40070,0.017422367,0.32146388
40071,0.7628666,0.9966419
40072,0.12970269,0.22854502
40073,0.025051566,0.7419758
40074,0.05695151,0.7851701
40075,0.11316993,0.23336731
40076,0.029742654,0.19763248
40077,0.050202504,0.95490736
40078,0.0093202265,0.1828684
40079,0.020749299,0.7028301
40080,0.585274,0.13835086
40081,0.11166318,0.48079196
40082,0.090979695,0.17651348
40083,0.21259098,0.16575326
40084,0.14402704,0.56798077
40085,0.014845347,0.5012934
40086,0.0072897123,0.5377708
40087,0.5072385,0.26291835
40088,0.118941985,0.7224894
40089,0.5699132,0.34570494
40090,0.023503404,0.67396104
40091,0.6382445,0.8591328
40092,0.058706608,0.0108350245
40093,0.00041945433,0.012923308
40094,0.19770876,0.71262807
40095,0.01756466,0.2932266
40096,0.014900812,0.79735434
40097,0.6135372,0.8209727
40098,0.95305616,0.94079393
40099,0.08044935,0.64143944
40100,0.015733026,0.104743995
40101,0.025388815,0.013110168
40102,0.48189044,0.69020003
40103,0.04743757,0.90388805
40104,0.40029556,0.9773119
40105,0.5679024,0.61360836
40106,0.013651274,0.5369243
40107,0.02929228,0.18732059
40108,0.037371196,0.15996915
40109,0.26161823,0.7613531
40110,0.07095686,0.3588155
40111,0.023448246,0.11861133
40112,0.095006265,0.056332745
40113,0.38116398,0.62689066
40114,0.07306227,0.8773957
40115,0.024363348,0.8735529
40116,0.09010548,0.45324326
40117,0.003913775,0.022539945
40118,0.0050808927,0.03700018
40119,0.06172561,0.044272363
40120,0.0114107095,0.057932843
40121,0.4572236,0.90405464
40122,0.06529821,0.8370733
40123,0.99166226,0.9805562
40124,0.011090491,0.26317254
40125,0.09423219,0.24545392
40126,0.054631207,0.3368708
40127,0.037177958,0.6290515
40128,0.017235748,0.00488599
40129,0.3834694,0.8618844
40130,0.04262332,0.49252424
40131,0.5880393,0.89231604
40132,0.0047772354,0.02877032
40133,0.06739589,0.17281294
40134,0.49898914,0.8812536
40135,0.029879441,0.9489142
40136,0.07268505,0.27389652
40137,0.023356104,0.9374951
40138,0.02398281,0.72467065
40139,0.035008278,0.39168164
40140,0.08740109,0.7172033
40141,0.2106323,0.22692488
40142,0.37080222,0.2822704
40143,0.06840633,0.927443
40144,0.016214041,0.034563456
40145,0.01751096,0.05653909
40146,0.013280904,0.010856397
40147,0.74798584,0.93312365
40148,0.57672954,0.9454975
40149,0.9120855,0.91482335
40150,0.5510742,0.80805033
40151,0.2751204,0.98306906
40152,0.067535296,0.16033947
40153,0.48609486,0.21013257
40154,0.03276226,0.14935355
40155,0.037164707,0.20812269
40156,0.6663765,0.9391281
40157,0.33851427,0.9374461
40158,0.78146863,0.9543379
40159,0.86028355,0.91946656
40160,0.5185435,0.645717
40161,0.011730313,0.477837
40162,0.13910884,0.9297071
40163,0.75155514,0.86916184
40164,0.077807404,0.24186057
40165,0.041736994,0.29764327
40166,0.27971065,0.18922494
40167,0.042049322,0.96038777
40168,0.039724387,0.051890515
40169,0.049332794,0.47161907
40170,0.72301203,0.777214
40171,0.2989831,0.17111418
40172,0.9154527,0.97139335
40173,0.13019112,0.023775728
40174,0.047133826,0.6702632
40175,0.031948436,0.9563424
40176,0.08267329,0.99506325
40177,0.6484112,0.7137802
40178,0.02288438,0.4963766
40179,0.03010216,0.39993554
40180,0.029339148,0.9049271
40181,0.014517122,0.13443084
40182,0.9364982,0.9713587
40183,0.38260162,0.8751764
40184,0.0024346008,0.051754456
40185,0.009347003,0.036374327
40186,0.0029413607,0.041807774
40187,0.0148550635,0.018210618
40188,0.8240741,0.93309623
40189,0.054442417,0.8482531
40190,0.0279713,0.6548888
40191,0.0380244,0.04972415
40192,0.4338948,0.8978385
40193,0.37353703,0.6795946
40194,0.107145816,0.1960493
40195,0.26397258,0.8714068
40196,0.8566967,0.8919296
40197,0.034504242,0.12312881
40198,0.6761078,0.20572512
40199,0.049823347,0.9741425
40200,0.10465618,0.21733388
40201,0.95854455,0.7746874
40202,0.8589704,0.9233994
40203,0.07774442,0.9576032
40204,0.013623539,0.29127932
40205,0.0071096616,0.1587577
40206,0.063229986,0.69931805
40207,0.15134878,0.91051525
40208,0.48780528,0.9063115
40209,0.060398135,0.21012606
40210,0.0009743293,0.03439444
40211,0.07768748,0.5801207
40212,0.67507404,0.57590944
40213,0.03482007,0.71078473
40214,0.04594831,0.06583803
40215,0.088640004,0.2586794
40216,0.35372663,0.64667565
40217,0.037215333,0.23066173
40218,0.011396088,0.60794103
40219,0.08787672,0.6607947
40220,0.06671234,0.16928855
40221,0.06278978,0.12383979
40222,0.04050215,0.20078146
40223,0.34756282,0.47138855
40224,0.053381097,0.050874684
40225,0.027907506,0.25570908
40226,0.0755056,0.04832504
40227,0.015506407,0.27931067
40228,0.068916574,0.08682191
40229,0.8055537,0.17427067
40230,0.4209665,0.61006385
40231,0.22508778,0.92975515
40232,0.011407121,0.9594296
40233,0.055816006,0.38123438
40234,0.024196338,0.03218164
40235,0.45625672,0.96276057
40236,0.7855237,0.8594429
40237,0.02299662,0.15138446
40238,0.002626264,0.2542993
40239,0.71566665,0.06927874
40240,0.91065323,0.6647792
40241,0.22362536,0.74306214
40242,0.0243138,0.5110161
40243,0.07335832,0.51757216
40244,0.025378594,0.40012228
40245,0.007174317,0.006397844
40246,0.09473498,0.41761357
40247,0.19474165,0.42189622
40248,0.23963316,0.31617767
40249,0.089576945,0.9192764
40250,0.39630833,0.90245587
40251,0.00057315786,0.008046258
40252,0.50105023,0.9652552
40253,0.067279555,0.12755394
40254,0.021813232,0.14475088
40255,0.005930597,0.031176357
40256,0.04980477,0.2784846
40257,0.16879536,0.33696133
40258,0.035672154,0.44602937
40259,0.05162598,0.033286873
40260,0.42005762,0.84874195
40261,0.15072441,0.3852343
40262,0.021989511,0.88480026
40263,0.96790993,0.9683529
40264,0.012827939,0.029119572
40265,0.032369938,0.19036965
40266,0.6773532,0.19650736
40267,0.02742062,0.8141229
40268,0.00087241654,0.017048225
40269,0.9810682,0.96512
40270,0.2875301,0.35237062
40271,0.0043663313,0.1363241
40272,0.6634002,0.84177214
40273,0.31863233,0.47241357
40274,0.26761505,0.82826394
40275,0.28337863,0.47839355
40276,0.06667723,0.9465503
40277,0.3908865,0.77537555
40278,0.8068327,0.5770886
40279,0.8864053,0.9729523
40280,0.65536475,0.8351865
40281,0.009689237,0.049830526
40282,0.036378253,0.22344428
40283,0.0743744,0.4875235
40284,0.02086965,0.06521484
40285,0.020742115,0.032179635
40286,0.12988041,0.19218041
40287,0.22424792,0.3492845
40288,0.05393368,0.15498106
40289,0.09569775,0.8154072
40290,0.0114741335,0.95287997
40291,0.055321354,0.941871
40292,0.06172117,0.28201485
40293,0.02401334,0.48695922
40294,0.008026552,0.121971354
40295,0.0058462014,0.13097693
40296,0.058512554,0.03595648
40297,0.02804868,0.03937704
40298,0.12461796,0.10507847
40299,0.0038857039,0.17772168
40300,0.7750468,0.34589824
40301,0.7856215,0.63228905
40302,0.19827908,0.8638408
40303,0.001805236,0.06467004
40304,0.0005295943,0.14504787
40305,0.008138558,0.3249064
40306,0.033528358,0.34202623
40307,0.6295271,0.83381295
40308,0.18281542,0.81617767
40309,0.13758443,0.5584221
40310,0.107567914,0.05265216
40311,0.11999429,0.19895454
40312,0.017524116,0.08334624
40313,0.022636209,0.042076837
40314,0.03516442,0.95215875
40315,0.02469685,0.070139326
40316,0.0059405486,0.7485663
40317,0.15539394,0.3450036
40318,0.0066265482,0.22944471
40319,0.37126166,0.8127538
40320,0.0070055663,0.18644382
40321,0.03620254,0.104315065
40322,0.19361612,0.20416832
40323,0.08874071,0.13849679
40324,0.017718123,0.33156365
40325,0.010587653,0.30158865
40326,0.027527723,0.06580787
40327,0.0015133526,0.008520261
40328,0.038043164,0.1645077
40329,0.026823958,0.07247127
40330,0.40382847,0.3617983
40331,0.0031267414,0.6371421
40332,0.032687113,0.0083573
40333,0.33954728,0.14001386
40334,0.012069945,0.5063242
40335,0.4489453,0.59281904
40336,0.034123182,0.8358392
40337,0.08625162,0.9148999
40338,0.107129484,0.55319303
40339,0.46667427,0.17074198
40340,0.11242557,0.85649073
40341,0.0793122,0.9013084
40342,0.011058291,0.08705329
40343,0.02494842,0.8908953
40344,0.4326121,0.8106021
40345,0.029879844,0.121991046
40346,0.7711938,0.88650525
40347,0.9712403,0.80935293
40348,0.026956646,0.36508098
40349,0.88534063,0.9380974
40350,0.011354689,0.15126021
40351,0.044804998,0.94195735
40352,0.019589944,0.8737589
40353,0.25185937,0.4499095
40354,0.041496314,0.53770995
40355,0.018051371,0.005496873
40356,0.07550587,0.19895442
40357,0.10487409,0.7017827
40358,0.34110105,0.13925083
40359,0.012144149,0.71913666
40360,0.16304225,0.039656043
40361,0.49071717,0.80942136
40362,0.035252605,0.006114691
40363,0.031517707,0.024538765
40364,0.03659096,0.84153014
40365,0.3435889,0.21664028
40366,0.40363356,0.38526914
40367,0.011170492,0.44599795
40368,0.3322081,0.8104251
40369,0.5606379,0.47213405
40370,0.74603415,0.94223636
40371,0.025785893,0.10111485
40372,0.048165966,0.19128893
40373,0.0025614032,0.010341921
40374,0.06804201,0.84506476
40375,0.060236223,0.7381401
40376,0.13683876,0.7291397
40377,0.801721,0.990467
40378,0.11366468,0.43890557
40379,0.09385852,0.11099899
40380,0.03939841,0.063307844
40381,0.01934672,0.90318704
40382,0.08710932,0.09790944
40383,0.0815438,0.6577269
40384,0.28127646,0.8809891
40385,0.011939619,0.0959268
40386,0.011678647,0.43071964
40387,0.11644237,0.42071164
40388,0.768509,0.41332445
40389,0.9231342,0.92665464
40390,0.20461601,0.4731866
40391,0.4153187,0.71633255
40392,0.018214531,0.6109755
40393,0.45163816,0.82572705
40394,0.07879047,0.22830647
40395,0.018502176,0.81480646
40396,0.3279607,0.887951
40397,0.10907508,0.42654994
40398,0.3174396,0.83885336
40399,0.30045688,0.8893636
40400,0.15120706,0.40524235
40401,0.059210885,0.2510719
40402,0.008686713,0.07537042
40403,0.005565315,0.23700912
40404,0.093064934,0.19053195
40405,0.07997896,0.93493575
40406,0.54438496,0.80884284
40407,0.82158065,0.8012792
40408,0.07287955,0.13456774
40409,0.8976198,0.45542634
40410,0.04876337,0.6123196
40411,0.032646544,0.16952732
40412,0.095421426,0.76976544
40413,0.08579365,0.655469
40414,0.32266784,0.920865
40415,0.0015093389,0.018237375
40416,0.13453037,0.19762418
40417,0.030131523,0.07453438
40418,0.028612949,0.3048709
40419,0.0060466076,0.0168375
40420,0.013134968,0.764628
40421,0.075300366,0.5132844
40422,0.78221095,0.96361965
40423,0.8358891,0.7475788
40424,0.014081523,0.05023066
40425,0.08506152,0.12963952
40426,0.3070143,0.5935661
40427,0.06312064,0.067709066
40428,0.3529882,0.31432432
40429,0.86134297,0.9579732
40430,0.9430717,0.9805638
40431,0.02187423,0.0334959
40432,0.03674318,0.23740798
40433,0.023812518,0.03764919
40434,0.028911088,0.037941106
40435,0.06300483,0.65790033
40436,0.056669835,0.086999424
40437,0.14364895,0.8839051
40438,0.45140693,0.66680956
40439,0.013538356,0.75897825
40440,0.0071319994,0.04336041
40441,0.5494739,0.17032312
40442,0.1930104,0.20202646
40443,0.019782264,0.66168016
40444,0.020238832,0.16379578
40445,0.13458112,0.3793455
40446,0.5357044,0.46720058
40447,0.8057744,0.61988205
40448,0.28148812,0.5727701
40449,0.057604562,0.49026084
40450,0.010994095,0.19128262
40451,0.28771958,0.47555238
40452,0.07558962,0.18195508
40453,0.8895262,0.9743663
40454,0.015584196,0.016799621
40455,0.55286735,0.9534404
40456,0.16970344,0.2337157
40457,0.0044848197,0.93948543
40458,0.0059055965,0.035160445
40459,0.9727726,0.85390186
40460,0.039660815,0.685637
40461,0.013057155,0.04997738
40462,0.6934186,0.8037164
40463,0.039110698,0.6990625
40464,0.04226405,0.4639256
40465,0.0036534707,0.106023625
40466,0.00044075225,0.7509785
40467,0.06992254,0.3006057
40468,0.10889946,0.9567775
40469,0.08106748,0.84507525
40470,0.30502018,0.35182315
40471,0.0764437,0.11686173
40472,0.02665959,0.0291494
40473,0.031116743,0.60277176
40474,0.1108719,0.27163902
40475,0.06126616,0.59386027
40476,0.07110686,0.039907787
40477,0.55645734,0.5785312
40478,0.08367419,0.3363468
40479,0.20225054,0.2629185
40480,0.50828296,0.8184585
40481,0.02722985,0.26226562
40482,0.92609537,0.83527905
40483,0.001228054,0.037943203
40484,0.9152797,0.98805887
40485,0.5841087,0.41942966
40486,0.06213839,0.0371579
40487,0.074889876,0.42615947
40488,0.41077948,0.7727654
40489,0.14794366,0.13319622
40490,0.30136952,0.3429033
40491,0.20204414,0.79905707
40492,0.1961606,0.70725876
40493,0.03595826,0.6211193
40494,0.0059229387,0.036066223
40495,0.10413845,0.5566412
40496,0.3126501,0.85099256
40497,0.13061173,0.90972334
40498,0.09095055,0.5592668
40499,0.3131029,0.37687376
40500,0.039700475,0.08329962
40501,0.0064256974,0.646777
40502,0.04612982,0.05751557
40503,0.020783179,0.8205125
40504,0.0053992816,0.03595431
40505,0.033204917,0.26750383
40506,0.060662504,0.90441006
40507,0.10192276,0.6513252
40508,0.3483817,0.5384559
40509,0.011596925,0.18157445
40510,0.053218883,0.94742906
40511,0.120683156,0.5438847
40512,0.804035,0.8063941
40513,0.0204736,0.63554573
40514,0.013563547,0.95760584
40515,0.10204582,0.89384466
40516,0.27375582,0.86806756
40517,0.018337717,0.059587866
40518,0.0025714403,0.0052072555
40519,0.3928277,0.39783233
40520,0.9450714,0.95504564
40521,0.8125654,0.87803364
40522,0.055564713,0.84267485
40523,0.026833232,0.52590716
40524,0.025715213,0.65617996
40525,0.7823467,0.95192015
40526,0.18074825,0.40739623
40527,0.9431383,0.87480205
40528,0.013475456,0.096457385
40529,0.1027252,0.05519527
40530,0.04720035,0.19931877
40531,0.011513466,0.63943547
40532,0.0076448433,0.21638626
40533,0.7143482,0.98362684
40534,0.08849293,0.2544882
40535,0.2560684,0.35857737
40536,0.01902892,0.16546716
40537,0.021320693,0.10970589
40538,0.016581137,0.8639279
40539,0.020591777,0.5176527
40540,0.9023722,0.95497125
40541,0.10509998,0.95837593
40542,0.011069931,0.025086045
40543,0.06083937,0.15542804
40544,0.020904385,0.14341263
40545,0.06608439,0.89814734
40546,0.2295154,0.24066418
40547,0.041421056,0.47286868
40548,0.013731848,0.1863404
40549,0.072542265,0.91309667
40550,0.041812398,0.011597351
40551,0.10187558,0.4701834
40552,0.13456626,0.4860832
40553,0.27930132,0.5098501
40554,0.8765619,0.79471916
40555,0.031474404,0.33140582
40556,0.1297576,0.15751173
40557,0.17350397,0.7071496
40558,0.48211056,0.46198907
40559,0.4580848,0.8924499
40560,0.15646014,0.9326874
40561,0.035304237,0.34739673
40562,0.12263447,0.017570602
40563,0.0340562,0.45998588
40564,0.72459656,0.7612385
40565,0.6614864,0.09415082
40566,0.004086633,0.22053936
40567,0.55204475,0.66801614
40568,0.052292053,0.20981707
40569,0.0777395,0.9576653
40570,0.8539995,0.35256878
40571,0.016610647,0.65600896
40572,0.08461496,0.9051593
40573,0.1556402,0.36140454
40574,0.008337994,0.7227119
40575,0.7443446,0.38227037
40576,0.0029462818,0.03464382
40577,0.00827096,0.5253362
40578,0.11739966,0.07795942
40579,0.009363363,0.14725503
40580,0.04112223,0.11644683
40581,0.07927747,0.4278139
40582,0.26250404,0.8577383
40583,0.045678895,0.08340278
40584,0.083952196,0.46608013
40585,0.026279347,0.058785077
40586,0.02143283,0.083021656
40587,0.21630731,0.23665175
40588,0.22151677,0.85059136
40589,0.05513073,0.5526441
40590,0.053047895,0.75767916
40591,0.08365246,0.9942994
40592,0.7865573,0.87467116
40593,0.054503117,0.559756
40594,0.010302659,0.15356703
40595,0.241466,0.80327886
40596,0.018589873,0.7388127
40597,0.013133244,0.95993304
40598,0.047177576,0.49068278
40599,0.10689502,0.12983903
40600,0.3189942,0.31774357
40601,0.034311906,0.27563548
40602,0.009344111,0.036796127
40603,0.08050049,0.6177912
40604,0.29225516,0.026989
40605,0.09985722,0.4988945
40606,0.21021743,0.7848706
40607,0.046990365,0.74786556
40608,0.1314644,0.10211373
40609,0.033358444,0.10927518
40610,0.40782437,0.6895738
40611,0.02871972,0.18501653
40612,0.25618884,0.9197264
40613,0.45651072,0.43680447
40614,0.02584386,0.20116043
40615,0.0014447902,0.055414066
40616,0.023657009,0.18478063
40617,0.07002475,0.88244104
40618,0.07584595,0.058259264
40619,0.51548487,0.95666206
40620,0.32284787,0.16983297
40621,0.027944306,0.22572392
40622,0.0031450207,0.0066997525
40623,0.035607878,0.7650042
40624,0.92845595,0.9610396
40625,0.02101404,0.86366004
40626,0.0768524,0.061412603
40627,0.33428553,0.47774604
40628,0.0014096213,0.031492013
40629,0.01768548,0.18187419
40630,0.14408681,0.4298269
40631,0.003615668,0.0672777
40632,0.64163136,0.2327376
40633,0.06662998,0.27850887
40634,0.33602837,0.77843434
40635,0.088460736,0.88374877
40636,0.14232932,0.64072484
40637,0.91066015,0.9130575
40638,0.031077813,0.8427937
40639,0.14850752,0.5150507
40640,0.007143878,0.7473211
40641,0.024078745,0.17850243
40642,0.16718324,0.36972883
40643,0.07897937,0.2912551
40644,0.012148984,0.64217603
40645,0.010706422,0.21305713
40646,0.80622977,0.91503567
40647,0.83285815,0.9440218
40648,0.05060439,0.7576682
40649,0.28005582,0.8772202
40650,0.17011914,0.95357525
40651,0.29739696,0.66359204
40652,0.53003764,0.21142657
40653,0.15478244,0.62988317
40654,0.0857608,0.35133925
40655,0.1218744,0.26674926
40656,0.056461677,0.05302526
40657,0.21529418,0.9101245
40658,0.4703205,0.69141406
40659,0.0051169205,0.06455295
40660,0.044776343,0.23504074
40661,0.0066708867,0.07429397
40662,0.94759464,0.97209114
40663,0.5033857,0.81383353
40664,0.7989354,0.9218211
40665,0.21589184,0.08564749
40666,0.024829736,0.52308506
40667,0.14607441,0.556232
40668,0.13294363,0.33135864
40669,0.030711792,0.21062152
40670,0.003246684,0.20822506
40671,0.36668333,0.8369957
40672,0.7984091,0.9816095
40673,0.26938024,0.69557416
40674,0.013514039,0.1390854
40675,0.6001229,0.9203448
40676,0.03032374,0.076279625
40677,0.0022258752,0.4966551
40678,0.41323012,0.08054124
40679,0.046182342,0.323979
40680,0.03209973,0.30212837
40681,0.026111014,0.7881226
40682,0.1714167,0.7538125
40683,0.06533994,0.29653984
40684,0.025902485,0.27226764
40685,0.034393273,0.85959405
40686,0.011389395,0.95804167
40687,0.8064468,0.6399681
40688,0.084841214,0.5575202
40689,0.9377939,0.92217934
40690,0.018762015,0.3369566
40691,0.009655915,0.02460838
40692,0.26028252,0.09006858
40693,0.014828235,0.9705838
40694,0.010870232,0.9840172
40695,0.0375828,0.5848899
40696,0.009368313,0.01604531
40697,0.19258185,0.08630114
40698,0.17371598,0.9175505
40699,0.47196978,0.92868334
40700,0.25824746,0.7260105
40701,0.76953477,0.91688865
40702,0.2576603,0.2825118
40703,0.08737442,0.4860548
40704,0.668744,0.9269075
40705,0.18265672,0.37253177
40706,0.059252724,0.0683799
40707,0.22282062,0.9407465
40708,0.73798376,0.9324387
40709,0.24114004,0.55040985
40710,0.93065244,0.25473556
40711,0.038207397,0.94581467
40712,0.042498417,0.067053765
40713,0.19018446,0.70686555
40714,0.007580114,0.106753096
40715,0.9418259,0.9262694
40716,0.044091024,0.14808749
40717,0.17792489,0.33434737
40718,0.049396288,0.7939173
40719,0.017098855,0.17165244
40720,0.06067502,0.552695
40721,0.05312251,0.9404383
40722,0.01646351,0.3208879
40723,0.038396597,0.0797988
40724,0.23403795,0.17781936
40725,0.03426136,0.25341687
40726,0.03694566,0.06771793
40727,0.06701558,0.1005645
40728,0.009793748,0.03997094
40729,0.014551332,0.30942675
40730,0.08742842,0.35954866
40731,0.11082768,0.455926
40732,0.02262381,0.06112415
40733,0.01666143,0.9816159
40734,0.12024754,0.1260381
40735,0.16104133,0.47210303
40736,0.20008056,0.5825084
40737,0.015196297,0.09938211
40738,0.3390262,0.89954734
40739,0.0126911355,0.022509724
40740,0.06418804,0.163741
40741,0.013879283,0.15842828
40742,0.09641953,0.12549984
40743,0.29876107,0.89460945
40744,0.032856338,0.4861002
40745,0.013205984,0.90731037
40746,0.0029586384,0.043559637
40747,0.023527697,0.42071915
40748,0.046340346,0.4562304
40749,0.13617097,0.25352836
40750,0.022954011,0.20248596
40751,0.016773414,0.97752905
40752,0.06037101,0.12780578
40753,0.48232034,0.83068734
40754,0.027287986,0.051102746
40755,0.046345178,0.9554933
40756,0.018315744,0.19491327
40757,0.34224936,0.9393332
40758,0.9069537,0.94213647
40759,0.06945003,0.33934563
40760,0.00589356,0.83957493
40761,0.93627256,0.97907376
40762,0.046590824,0.65569484
40763,0.0051446897,0.16364233
40764,0.05175024,0.04574781
40765,0.31161943,0.48200428
40766,0.8407685,0.91730064
40767,0.018806754,0.022894325
40768,0.26803088,0.1724741
40769,0.007710241,0.048182532
40770,0.034233052,0.036348794
40771,0.07137801,0.49575496
40772,0.9631173,0.95038235
40773,0.008826823,0.49038568
40774,0.03227803,0.39449796
40775,0.011215863,0.014781282
40776,0.06446171,0.2256106
40777,0.3229437,0.6660488
40778,0.0027115315,0.03145743
40779,0.025029419,0.5224082
40780,0.096619606,0.96652025
40781,0.84425604,0.9171073
40782,0.49189124,0.5114515
40783,0.013492632,0.123668626
40784,0.074497975,0.13251233
40785,0.007898281,0.5216885
40786,0.036424566,0.22071505
40787,0.052685134,0.2511771
40788,0.036348753,0.103066824
40789,0.0076354216,0.16794223
40790,0.1294503,0.8949937
40791,0.0103328815,0.039836477
40792,0.27166763,0.64412487
40793,0.48105207,0.017029809
40794,0.04020023,0.25645298
40795,0.24501695,0.4287878
40796,0.015773017,0.2856399
40797,0.27095616,0.87927556
40798,0.0076213037,0.7657667
40799,0.9263987,0.96440214
40800,0.0029039641,0.02308801
40801,0.022821924,0.03625786
40802,0.011949557,0.048597794
40803,0.15254098,0.31271142
40804,0.92870367,0.99556917
40805,0.4340146,0.69541633
40806,0.1690276,0.83550215
40807,0.11425457,0.15303226
40808,0.015003794,0.11219505
40809,0.0060066697,0.013976113
40810,0.024199013,0.09219281
40811,0.08976358,0.8481172
40812,0.05584183,0.085623585
40813,0.07472051,0.12676595
40814,0.33671752,0.14631644
40815,0.048326988,0.1486111
40816,0.011581396,0.11932222
40817,0.0029532237,0.045690525
40818,0.074069895,0.12990831
40819,0.14593408,0.85368973
40820,0.012009664,0.20636848
40821,0.17782682,0.56145865
40822,0.051220745,0.20410164
40823,0.81568485,0.89443874
40824,0.12602362,0.33702934
40825,0.059822652,0.5477898
40826,0.8757991,0.9572813
40827,0.016904768,0.94791317
40828,0.05167087,0.24365294
40829,0.050645985,0.9446868
40830,0.04363095,0.66269666
40831,0.25352797,0.6835092
40832,0.98118615,0.8597502
40833,0.9747979,0.9713184
40834,0.080941945,0.08134867
40835,0.012906275,0.64520174
40836,0.03225881,0.8774384
40837,0.041990023,0.06487008
40838,0.25515985,0.94428045
40839,0.010546105,0.4001156
40840,0.92042035,0.78148913
40841,0.25071496,0.78496414
40842,0.409874,0.24809444
40843,0.48900425,0.76981103
40844,0.031598218,0.49775776
40845,0.08272883,0.08343479
40846,0.32529932,0.9031653
40847,0.5355144,0.7213216
40848,0.12651983,0.83443063
40849,0.09964026,0.9959628
40850,0.47692072,0.8803946
40851,0.012112231,0.060774107
40852,0.01125085,0.048984986
40853,0.95287365,0.9529636
40854,0.62209135,0.8764848
40855,0.039128054,0.8391306
40856,0.024575207,0.7321313
40857,0.5053317,0.8810256
40858,0.13340299,0.24490547
40859,0.10682319,0.097993225
40860,0.90306115,0.8674483
40861,0.025594238,0.50062567
40862,0.006374863,0.06818723
40863,0.033376917,0.21834993
40864,0.043868322,0.76951236
40865,0.028396565,0.12281871
40866,0.011016666,0.8734409
40867,0.04546473,0.79463667
40868,0.100472026,0.25796786
40869,0.06863522,0.8222479
40870,0.006624195,0.028536933
40871,0.28714722,0.24742712
40872,0.062431663,0.19091943
40873,0.693617,0.9096396
40874,0.7133087,0.923809
40875,0.18800397,0.68642414
40876,0.8228556,0.906198
40877,0.38355908,0.8442894
40878,0.025576234,0.1585154
40879,0.02882598,0.95949143
40880,0.40371814,0.92904896
40881,0.04061362,0.74412525
40882,0.7375168,0.9636395
40883,0.2975258,0.8211393
40884,0.0075572375,0.26846024
40885,0.04219864,0.9305551
40886,0.0023618517,0.085666634
40887,0.04798258,0.8522458
40888,0.020038657,0.5222971
40889,0.010680483,0.950672
40890,0.13221295,0.4370367
40891,0.028294455,0.33480862
40892,0.17080669,0.28926328
40893,0.69678223,0.76488817
40894,0.059908688,0.08803993
40895,0.3942882,0.877931
40896,0.016308567,0.4478176
40897,0.8700051,0.86185366
40898,0.76933634,0.81172806
40899,0.032105863,0.7714914
40900,0.0328264,0.24217229
40901,0.2225847,0.2274951
40902,0.11464929,0.6322009
40903,0.00833894,0.1841392
40904,0.3137954,0.7310786
40905,0.56941575,0.9822551
40906,0.84375644,0.8655698
40907,0.24572283,0.4500442
40908,0.045080505,0.62764317
40909,0.058141466,0.31064042
40910,0.6211401,0.5099966
40911,0.020944653,0.7825132
40912,0.14814636,0.11653495
40913,0.18684177,0.4759995
40914,0.7911555,0.950037
40915,0.07313887,0.4300311
40916,0.011968003,0.120242015
40917,0.031723846,0.639383
40918,0.49072775,0.20550063
40919,0.15012732,0.96395683
40920,0.043584306,0.15254985
40921,0.05122834,0.31128842
40922,0.1239956,0.1944906
40923,0.17692423,0.2821296
40924,0.15164955,0.17279261
40925,0.014057222,0.05505331
40926,0.35019332,0.61536884
40927,0.037280627,0.22549213
40928,0.217186,0.74636817
40929,0.09755574,0.26850843
40930,0.20266142,0.8920595
40931,0.22306445,0.33762082
40932,0.6504828,0.11669543
40933,0.9190154,0.7220396
40934,0.8664166,0.9777805
40935,0.17037815,0.65904105
40936,0.05599755,0.7157014
40937,0.00904051,0.027611082
40938,0.01196076,0.04751504
40939,0.1387233,0.83679324
40940,0.052297357,0.27678236
40941,0.0068857986,0.18124945
40942,0.03762047,0.50650144
40943,0.002438835,0.038453743
40944,0.1293077,0.41546813
40945,0.032171987,0.5356298
40946,0.07765633,0.20520435
40947,0.087953866,0.023639575
40948,0.035845164,0.1875499
40949,0.009345431,0.70703715
40950,0.026821425,0.9824808
40951,0.3219947,0.8002701
40952,0.077081054,0.60434663
40953,0.12874882,0.9673451
40954,0.14456253,0.97607887
40955,0.01670356,0.23841365
40956,0.051340763,0.55698687
40957,0.010502398,0.16523112
40958,0.17737545,0.7788357
40959,0.0040101847,0.0721302
40960,0.1319679,0.6725763
40961,0.035044074,0.103369616
40962,0.18927328,0.962623
40963,0.07288532,0.09803361
40964,0.13147423,0.50317556
40965,0.4813353,0.83817786
40966,0.01127103,0.43407393
40967,0.04763536,0.015187509
40968,0.027750725,0.91374487
40969,0.016198145,0.90980494
40970,0.011628618,0.40466568
40971,0.0049872934,0.24324217
40972,0.020404706,0.19759244
40973,0.1402326,0.073739395
40974,0.049642626,0.7060285
40975,0.27425578,0.67210996
40976,0.05224325,0.38106605
40977,0.14834537,0.88227975
40978,0.048651133,0.039557237
40979,0.59305555,0.8948782
40980,0.015167481,0.08960323
40981,0.3402159,0.6385682
40982,0.0674802,0.034518994
40983,0.5062392,0.8452444
40984,0.292608,0.12198927
40985,0.7450645,0.9781229
40986,0.032210678,0.09724362
40987,0.052002143,0.9606406
40988,0.0041581034,0.3470721
40989,0.012722397,0.48221788
40990,0.08714561,0.22504935
40991,0.024377152,0.22833467
40992,0.14937377,0.7738955
40993,0.025511196,0.2905322
40994,0.83210063,0.85317844
40995,0.017453145,0.0033296894
40996,0.8897712,0.916623
40997,0.01823991,0.67613894
40998,0.13259418,0.546345
40999,0.22482501,0.12117684
41000,0.25135997,0.59760505
41001,0.0020799688,0.013188702
41002,0.55191374,0.91976386
41003,0.043814152,0.9358954
41004,0.073410004,0.23738343
41005,0.18027556,0.35928077
41006,0.018407911,0.047281332
41007,0.69699514,0.78013086
41008,0.01754271,0.39491993
41009,0.047307286,0.17524111
41010,0.005543389,0.14740461
41011,0.528021,0.773939
41012,0.85805726,0.93009555
41013,0.61750346,0.19845396
41014,0.020894203,0.1299082
41015,0.17688407,0.93084586
41016,0.025177268,0.061161686
41017,0.014742245,0.12924714
41018,0.029234705,0.26538557
41019,0.026445596,0.060590036
41020,0.01756726,0.9672633
41021,0.06257318,0.22387417
41022,0.014959377,0.14067915
41023,0.033663373,0.9070537
41024,0.058387827,0.3183779
41025,0.010413423,0.06823971
41026,0.06776792,0.037276383
41027,0.8892158,0.9484007
41028,0.02332009,0.5213796
41029,0.0037140818,0.19236156
41030,0.26376677,0.6126402
41031,0.8683431,0.7651676
41032,0.45437005,0.8553675
41033,0.08242133,0.4424242
41034,0.08187258,0.5083654
41035,0.025075411,0.87774414
41036,0.50034434,0.8187134
41037,0.04093634,0.803406
41038,0.58745134,0.5026923
41039,0.004287119,0.034778595
41040,0.02394052,0.016554566
41041,0.096879914,0.033170342
41042,0.45674938,0.44350463
41043,0.033300906,0.08013158
41044,0.124621704,0.375346
41045,0.011450615,0.8939915
41046,0.15118684,0.046953652
41047,0.31087136,0.11297467
41048,0.72022104,0.3219285
41049,0.22041485,0.1745402
41050,0.4682713,0.33847508
41051,0.9205469,0.97846687
41052,0.01606476,0.7535091
41053,0.813348,0.9467635
41054,0.46412644,0.31531382
41055,0.013134789,0.08894096
41056,0.03604197,0.13447855
41057,0.010761766,0.016147114
41058,0.02276892,0.9610673
41059,0.0095590195,0.021990698
41060,0.9608432,0.5796402
41061,0.38046914,0.1441888
41062,0.039581507,0.982238
41063,0.018583937,0.24859878
41064,0.06097535,0.8099301
41065,0.043288607,0.11800964
41066,0.007167931,0.041686576
41067,0.05891933,0.24410082
41068,0.84007907,0.96557873
41069,0.34589425,0.6984257
41070,0.29663572,0.47700685
41071,0.06526588,0.1704172
41072,0.1984272,0.23568775
41073,0.13115266,0.9411015
41074,0.16094664,0.32630727
41075,0.044215664,0.09058302
41076,0.39840168,0.6853486
41077,0.0043547694,0.00674322
41078,0.27247134,0.7708139
41079,0.032039605,0.07345789
41080,0.1934016,0.25820222
41081,0.04763241,0.78360623
41082,0.53381664,0.6852834
41083,0.023810878,0.50563353
41084,0.030846285,0.9216989
41085,0.009442973,0.2477325
41086,0.14462344,0.19247273
41087,0.13616934,0.91961133
41088,0.3692767,0.76996225
41089,0.6884608,0.81576145
41090,0.04335601,0.46891427
41091,0.79144216,0.92708355
41092,0.008601647,0.15977184
41093,0.029637106,0.078514844
41094,0.09888075,0.043768406
41095,0.05739507,0.34261048
41096,0.06325647,0.09445558
41097,0.04034205,0.3920423
41098,0.07665393,0.45556518
41099,0.026495935,0.45757174
41100,0.81054264,0.7292782
41101,0.025358405,0.39175886
41102,0.2618355,0.8001634
41103,0.00063706434,0.043997213
41104,0.043005656,0.12821095
41105,0.31414163,0.1416449
41106,0.47030255,0.79279315
41107,0.81259227,0.9304821
41108,0.04606683,0.77354956
41109,0.24509685,0.34249645
41110,0.84507555,0.92662793
41111,0.005694197,0.60078585
41112,0.0218525,0.039214857
41113,0.595299,0.8619175
41114,0.18988968,0.5275004
41115,0.39410076,0.89820176
41116,0.24160476,0.19523694
41117,0.25127438,0.52846086
41118,0.061549746,0.61932105
41119,0.03011925,0.5191028
41120,0.047159337,0.57063323
41121,0.10501809,0.6470929
41122,0.062049545,0.13345042
41123,0.20253125,0.18199682
41124,0.12447011,0.97073054
41125,0.071394995,0.4340484
41126,0.20028022,0.19555983
41127,0.27281475,0.19498102
41128,0.058128007,0.4572133
41129,0.0515222,0.15570392
41130,0.02494651,0.7429304
41131,0.014249519,0.25625294
41132,0.36530513,0.6106578
41133,0.048803527,0.75160414
41134,0.01910025,0.03629209
41135,0.035051927,0.06191112
41136,0.4383656,0.41594037
41137,0.0047269533,0.035810325
41138,0.07609522,0.2657202
41139,0.9844321,0.9314687
41140,0.026456194,0.211434
41141,0.39526716,0.25176913
41142,0.12512715,0.53638595
41143,0.4360385,0.85581625
41144,0.19445418,0.37686372
41145,0.8385147,0.95521
41146,0.5046967,0.19095717
41147,0.038141582,0.24229792
41148,0.0062362626,0.007406207
41149,0.0024788526,0.009946557
41150,0.21035369,0.4261358
41151,0.013577289,0.93623066
41152,0.7638172,0.8661313
41153,0.007984749,0.22573498
41154,0.1579125,0.1672963
41155,0.16693191,0.28146076
41156,0.025934087,0.015370038
41157,0.004203944,0.6360424
41158,0.8544612,0.515391
41159,0.115039565,0.49594545
41160,0.08541756,0.71219325
41161,0.0033260218,0.06810357
41162,0.011371799,0.1045514
41163,0.115501404,0.19862409
41164,0.03165516,0.54212755
41165,0.7367135,0.5237161
41166,0.023911651,0.71030235
41167,0.072457984,0.9947042
41168,0.03870662,0.16844428
41169,0.026396988,0.7455426
41170,0.44494894,0.7980238
41171,0.9039891,0.95446676
41172,0.07925111,0.7601021
41173,0.052819736,0.1218137
41174,0.7797072,0.5653425
41175,0.06294943,0.52936685
41176,0.02170936,0.16215222
41177,0.27223638,0.9496881
41178,0.021653756,0.27637726
41179,0.037666667,0.21231599
41180,0.0188332,0.09749895
41181,0.033738397,0.45053193
41182,0.03418112,0.14895289
41183,0.09648829,0.14319442
41184,0.1466341,0.82735854
41185,0.1151609,0.14485048
41186,0.02709984,0.6764701
41187,0.01692452,0.013563801
41188,0.9088732,0.91289234
41189,0.038793143,0.09585152
41190,0.42054176,0.5637986
41191,0.8527125,0.26942095
41192,0.05875579,0.18522304
41193,0.04452362,0.9602858
41194,0.10950762,0.3887343
41195,0.38987187,0.09079861
41196,0.07342279,0.78188616
41197,0.0097906925,0.024209356
41198,0.610793,0.93006897
41199,0.19799834,0.97561204
41200,0.08292992,0.11820804
41201,0.00094320666,0.028880602
41202,0.9438924,0.98502016
41203,0.5105081,0.8158048
41204,0.17936574,0.27543128
41205,0.057357427,0.013631519
41206,0.34052768,0.22633073
41207,0.0014534593,0.030253978
41208,0.192245,0.15666765
41209,0.28377548,0.77091014
41210,0.086080626,0.7006887
41211,0.024369648,0.38978127
41212,0.033868376,0.7725702
41213,0.107890025,0.24892056
41214,0.67616415,0.9389578
41215,0.036949225,0.5798347
41216,0.0061915875,0.10291908
41217,0.04970974,0.19061798
41218,0.072397135,0.28751677
41219,0.2724616,0.051325433
41220,0.035951354,0.05849511
41221,0.221988,0.8741888
41222,0.030934518,0.9174139
41223,0.48463795,0.9930577
41224,0.046391685,0.7443124
41225,0.0030635886,0.0031004425
41226,0.05703006,0.2680181
41227,0.021282202,0.07592774
41228,0.014047028,0.068733156
41229,0.018563993,0.3163207
41230,0.15381144,0.5257042
41231,0.065681025,0.16429555
41232,0.0010564011,0.021462718
41233,0.02644367,0.43003505
41234,0.05849769,0.11497239
41235,0.86997265,0.93811685
41236,0.25038764,0.24166596
41237,0.29845658,0.53012365
41238,0.9697482,0.9396034
41239,0.0012425765,0.020813715
41240,0.02131994,0.05617963
41241,0.18729177,0.17361856
41242,0.12758648,0.22259462
41243,0.0081795575,0.021586189
41244,0.03301144,0.11238614
41245,0.15331589,0.26940468
41246,0.070242114,0.11714876
41247,0.057742298,0.38310125
41248,0.9006052,0.65570587
41249,0.87786824,0.7615005
41250,0.025387755,0.6621402
41251,0.10669852,0.698869
41252,0.094062544,0.9780294
41253,0.87132597,0.99310267
41254,0.016492806,0.04074821
41255,0.8628802,0.9325496
41256,0.10497532,0.4471838
41257,0.17419428,0.41852605
41258,0.0022890053,0.12522864
41259,0.08048627,0.20287491
41260,0.3059265,0.97582924
41261,0.146687,0.41066533
41262,0.18183103,0.4469365
41263,0.023943814,0.06003501
41264,0.4571572,0.7754828
41265,0.17484318,0.3639371
41266,0.020158745,0.002050007
41267,0.040675487,0.15349816
41268,0.72186154,0.32650533
41269,0.22570539,0.9382863
41270,0.0097861355,0.09459689
41271,0.15571123,0.16383517
41272,0.11503121,0.12008022
41273,0.005177546,0.076371655
41274,0.6508341,0.8497091
41275,0.08155444,0.071660705
41276,0.03981106,0.24844034
41277,0.055693865,0.15176702
41278,0.01893295,0.10997243
41279,0.04111877,0.05035752
41280,0.11364662,0.13591339
41281,0.39787248,0.82098883
41282,0.008110886,0.57744294
41283,0.031509645,0.34892496
41284,0.05237306,0.3584693
41285,0.041470613,0.15711385
41286,0.008589943,0.019315902
41287,0.6540114,0.8556421
41288,0.009372792,0.05906942
41289,0.06807576,0.6736487
41290,0.0087809805,0.25992608
41291,0.26596054,0.9684616
41292,0.030478224,0.365436
41293,0.06542646,0.057002064
41294,0.033465255,0.43544856
41295,0.05967389,0.493203
41296,0.005192592,0.058041316
41297,0.061040122,0.23024924
41298,0.18690608,0.5427149
41299,0.090863094,0.25099817
41300,0.01272393,0.1358129
41301,0.1416405,0.011859082
41302,0.043973785,0.623376
41303,0.00818575,0.46672434
41304,0.56604624,0.43654025
41305,0.31177208,0.35136855
41306,0.020991495,0.7537251
41307,0.103937134,0.32465148
41308,0.0023559078,0.13053362
41309,0.028401254,0.028217254
41310,0.31142595,0.8247253
41311,0.5374098,0.64832395
41312,0.023496578,0.11997498
41313,0.11458697,0.7443667
41314,0.15156299,0.7193288
41315,0.0052025104,0.13794205
41316,0.06746325,0.084650114
41317,0.05255557,0.31371236
41318,0.09366088,0.932286
41319,0.049202025,0.023615139
41320,0.027819304,0.3077894
41321,0.40590814,0.71935916
41322,0.070145965,0.9543433
41323,0.038751762,0.110234894
41324,0.29819107,0.47659707
41325,0.042487435,0.23089898
41326,0.044305537,0.109346814
41327,0.002595996,0.01834241
41328,0.06568353,0.053404767
41329,0.9801493,0.9938419
41330,0.21226192,0.5193901
41331,0.06682193,0.33002973
41332,0.022650536,0.94134396
41333,0.7650783,0.677206
41334,0.009184919,0.91791505
41335,0.0059237867,0.43166783
41336,0.014965639,0.018053949
41337,0.27738827,0.5589099
41338,0.07667506,0.14899176
41339,0.029207869,0.9374877
41340,0.9305871,0.9510693
41341,0.027909046,0.6745696
41342,0.043350898,0.82808197
41343,0.88714445,0.8071363
41344,0.6390862,0.866303
41345,0.07102156,0.08696295
41346,0.0019150968,0.048068445
41347,0.12381708,0.20857339
41348,0.085133694,0.24508698
41349,0.10603387,0.6362758
41350,0.6755651,0.97096586
41351,0.04712933,0.26539397
41352,0.7147155,0.8499011
41353,0.0099275755,0.05815653
41354,0.12870975,0.39277548
41355,0.049998894,0.17056839
41356,0.037766647,0.94004077
41357,0.13931787,0.17423287
41358,0.04853426,0.16162685
41359,0.13510725,0.51494664
41360,0.24175048,0.12904942
41361,0.13306868,0.11406941
41362,0.054871164,0.17918372
41363,0.23949055,0.1935628
41364,0.11338828,0.20306571
41365,0.11574205,0.46078107
41366,0.0026836365,0.17698088
41367,0.0011886898,0.019919682
41368,0.003220869,0.91624844
41369,0.0017874873,0.004866715
41370,0.06429579,0.23561123
41371,0.0122769065,0.021493224
41372,0.014506436,0.49476022
41373,0.0069506476,0.07521253
41374,0.048264287,0.024299059
41375,0.04882937,0.23271002
41376,0.052361146,0.839977
41377,0.2486962,0.44074112
41378,0.45605773,0.42858875
41379,0.025180256,0.18455443
41380,0.04547597,0.70660853
41381,0.0013576696,0.08727156
41382,0.23907156,0.27870643
41383,0.019847149,0.20412976
41384,0.04346877,0.24000728
41385,0.02273251,0.10881122
41386,0.012116859,0.19762489
41387,0.46251202,0.58685315
41388,0.0021506923,0.8075007
41389,0.00038137063,0.22394292
41390,0.03558388,0.86202437
41391,0.93494314,0.70529485
41392,0.03946586,0.13488102
41393,0.0041495035,0.6525213
41394,0.3391001,0.22491515
41395,0.10268688,0.087465785
41396,0.017196298,0.16194086
41397,0.124336965,0.9281127
41398,0.36655855,0.82519644
41399,0.012905035,0.7434102
41400,0.1232197,0.7660852
41401,0.04969536,0.81323147
41402,0.58440083,0.73376966
41403,0.15741906,0.13163483
41404,0.017150672,0.9923212
41405,0.015924502,0.22508441
41406,0.14736341,0.7385624
41407,0.109234415,0.5671612
41408,0.012755507,0.72984344
41409,0.13422316,0.3069617
41410,0.06516122,0.34063524
41411,0.08746838,0.55782217
41412,0.016036091,0.26647395
41413,0.8789901,0.94975954
41414,0.044767566,0.79701495
41415,0.021485513,0.31305003
41416,0.07424278,0.25803515
41417,0.05902359,0.9282656
41418,0.19773972,0.1542702
41419,0.30174127,0.9093415
41420,0.016805805,0.7381557
41421,0.95065045,0.97672904
41422,0.5531315,0.6695493
41423,0.3622226,0.9488481
41424,0.10220819,0.84534866
41425,0.550435,0.92592835
41426,0.009350858,0.01690965
41427,0.052191604,0.19308786
41428,0.014726648,0.8388822
41429,0.12427126,0.14384575
41430,0.10245589,0.13375609
41431,0.95292985,0.9577095
41432,0.041179247,0.14774331
41433,0.65411085,0.9394121
41434,0.026195267,0.0545963
41435,0.038775586,0.11865216
41436,0.3971032,0.52508825
41437,0.031342797,0.37155455
41438,0.043195385,0.078165665
41439,0.014472078,0.09149342
41440,0.0022968713,0.06261755
41441,0.028107954,0.51265115
41442,0.11453808,0.83541405
41443,0.047137175,0.1563849
41444,0.20653892,0.9785444
41445,0.079663806,0.15584666
41446,0.15938272,0.89871454
41447,0.52340066,0.88266957
41448,0.007736933,0.0737542
41449,0.032073133,0.84263414
41450,0.1008837,0.15043505
41451,0.02708937,0.12372289
41452,0.010849411,0.77763605
41453,0.2215951,0.469868
41454,0.44593832,0.9657192
41455,0.20941071,0.37096438
41456,0.8579594,0.89473754
41457,0.029595563,0.52795374
41458,0.16993895,0.30521968
41459,0.0049713296,0.036951642
41460,0.7193102,0.78267187
41461,0.26937032,0.96127427
41462,0.320878,0.46971172
41463,0.583873,0.97956514
41464,0.022534767,0.12423343
41465,0.17050484,0.4661433
41466,0.017651886,0.34473512
41467,0.21680614,0.5551519
41468,0.02196642,0.8519341
41469,0.39543676,0.44947135
41470,0.01798007,0.17984131
41471,0.4906529,0.8148843
41472,0.49267364,0.78631204
41473,0.8815207,0.78127635
41474,0.6833844,0.88665634
41475,0.11369352,0.60545427
41476,0.01629841,0.18149894
41477,0.16125269,0.445141
41478,0.08021202,0.35471538
41479,0.2994836,0.38150334
41480,0.034515172,0.3771236
41481,0.0042435997,0.06130218
41482,0.03807326,0.09563693
41483,0.039182205,0.7420415
41484,0.14587033,0.07831879
41485,0.037732176,0.08345197
41486,0.034779113,0.021424757
41487,0.41407847,0.79392934
41488,0.01246423,0.08956526
41489,0.10363345,0.51822037
41490,0.014255201,0.5258553
41491,0.28961354,0.93321955
41492,0.22710983,0.11733231
41493,0.36470485,0.6228773
41494,0.007862117,0.9054201
41495,0.0963911,0.5771835
41496,0.050916035,0.66424406
41497,0.04422967,0.4038141
41498,0.046347383,0.13939397
41499,0.6917482,0.90425223
41500,0.16061774,0.31666818
41501,0.27752668,0.9069833
41502,0.005420505,0.4670653
41503,0.19376808,0.21483995
41504,0.0358301,0.8952883
41505,0.14496629,0.7219948
41506,0.14042199,0.049047355
41507,0.02524774,0.09687554
41508,0.082322806,0.21697654
41509,0.0694428,0.08648175
41510,0.010601854,0.6626391
41511,0.027577877,0.6460902
41512,0.049280692,0.18424769
41513,0.21919288,0.5315808
41514,0.024645189,0.14855468
41515,0.019906301,0.24514101
41516,0.021323953,0.89735794
41517,0.062050898,0.030680053
41518,0.2713141,0.40172338
41519,0.12192611,0.7682398
41520,0.23382501,0.72851545
41521,0.033943288,0.82038116
41522,0.086754546,0.13869442
41523,0.004380978,0.0035240748
41524,0.12829304,0.88882506
41525,0.1234197,0.9082764
41526,0.066665016,0.32738453
41527,0.025933208,0.10901232
41528,0.23285268,0.9635508
41529,0.2736577,0.2879228
41530,0.014601133,0.030531699
41531,0.60626054,0.56564313
41532,0.77635396,0.38826686
41533,0.10200576,0.5912596
41534,0.63284785,0.87979126
41535,0.0035121958,0.094534874
41536,0.656515,0.8576255
41537,0.42256457,0.46987563
41538,0.21146068,0.60934734
41539,0.13392527,0.6579492
41540,0.08274163,0.34410736
41541,0.7610486,0.9432032
41542,0.12732272,0.18610844
41543,0.21459654,0.46314797
41544,0.016343141,0.2932063
41545,0.08383294,0.5425629
41546,0.13020271,0.5157881
41547,0.023422921,0.686905
41548,0.43623596,0.5876392
41549,0.008380121,0.15624449
41550,0.27090576,0.7654406
41551,0.030532686,0.88636744
41552,0.0993128,0.5355719
41553,0.055561025,0.23879695
41554,0.1321664,0.61953235
41555,0.14874166,0.26565605
41556,0.20258811,0.38561884
41557,0.07236774,0.95892775
41558,0.9275259,0.85455734
41559,0.044022314,0.35182953
41560,0.0008708041,0.44090727
41561,0.9125975,0.5338735
41562,0.15376085,0.37708104
41563,0.021415416,0.53169715
41564,0.11558337,0.34618315
41565,0.07478334,0.1894785
41566,0.04323007,0.36459953
41567,0.3975783,0.48786145
41568,0.29214326,0.68945235
41569,0.026848348,0.21855573
41570,0.014372119,0.873614
41571,0.04003669,0.054216977
41572,0.030017665,0.16892716
41573,0.11417321,0.7458387
41574,0.0021775218,0.013263849
41575,0.81282234,0.8609499
41576,0.73832345,0.2867809
41577,0.01584487,0.9309828
41578,0.026436556,0.15543143
41579,0.044921126,0.099666074
41580,0.04248077,0.79210615
41581,0.018869154,0.10417992
41582,0.6880766,0.5040453
41583,0.046995897,0.76299936
41584,0.040387794,0.9615864
41585,0.1152259,0.72365093
41586,0.014992079,0.15437093
41587,0.11368691,0.4257406
41588,0.39176857,0.24270508
41589,0.8644881,0.88378304
41590,0.120121814,0.506916
41591,0.100446194,0.862572
41592,0.29079393,0.67834
41593,0.005454699,0.4011226
41594,0.09339758,0.08247043
41595,0.11780766,0.20420872
41596,0.44815978,0.83704937
41597,0.05346746,0.077893995
41598,0.88770187,0.9928444
41599,0.015031062,0.723628
41600,0.061527014,0.6918279
41601,0.36898562,0.2285408
41602,0.06258427,0.5841018
41603,0.009278597,0.04668361
41604,0.8556379,0.7477711
41605,0.022210915,0.38595945
41606,0.012150123,0.0060204966
41607,0.20516133,0.34151655
41608,0.04601671,0.5002758
41609,0.008141403,0.22448084
41610,0.017777659,0.21930182
41611,0.0919375,0.30611083
41612,0.10579897,0.8047145
41613,0.8807869,0.8766055
41614,0.89103985,0.907188
41615,0.8859316,0.9613618
41616,0.7733831,0.8832929
41617,0.011267895,0.94727296
41618,0.97287154,0.99271625
41619,0.14223674,0.19295533
41620,0.025649654,0.09855344
41621,0.14905243,0.37983206
41622,0.7677644,0.66978085
41623,0.19229501,0.61524045
41624,0.75043464,0.38349667
41625,0.9818272,0.67079735
41626,0.00029001787,0.0025771656
41627,0.028392782,0.07877552
41628,0.06936233,0.13298099
41629,0.15032633,0.16061912
41630,0.24012901,0.29010588
41631,0.28132927,0.6634865
41632,0.30370706,0.70042753
41633,0.054157548,0.15265404
41634,0.055352338,0.2539935
41635,0.8965481,0.88234526
41636,0.031760823,0.01960325
41637,0.11051699,0.06706191
41638,0.008768372,0.013065072
41639,0.15311585,0.7572161
41640,0.814322,0.89618886
41641,0.57950634,0.38381267
41642,0.046474352,0.10022974
41643,0.050481886,0.16408513
41644,0.13241026,0.1157875
41645,0.026621921,0.90552294
41646,0.29647595,0.79185355
41647,0.016043631,0.8741783
41648,0.018883202,0.033413894
41649,0.04856262,0.28899226
41650,0.25611672,0.7058093
41651,0.10371941,0.9704955
41652,0.15466535,0.92178625
41653,0.0048418473,0.017371578
41654,0.011975618,0.38365132
41655,0.0012769427,0.013247849
41656,0.26007342,0.50206006
41657,0.054760944,0.12523176
41658,0.27154663,0.92142093
41659,0.10900542,0.7544046
41660,0.19084649,0.85895723
41661,0.29571295,0.73472846
41662,0.009249992,0.3679074
41663,0.007818585,0.056178533
41664,0.88626903,0.90066224
41665,0.059119515,0.09790009
41666,0.101989664,0.9511073
41667,0.0012744386,0.10733475
41668,0.009855759,0.030305665
41669,0.0038405366,0.013011197
41670,0.14399123,0.24361877
41671,0.0012967539,0.09705399
41672,0.03027831,0.14557935
41673,0.0013763543,0.065814294
41674,0.03427137,0.050439995
41675,0.051315185,0.17704637
41676,0.033847358,0.06801365
41677,0.31895003,0.8413131
41678,0.016598275,0.075786896
41679,0.14787923,0.20205435
41680,0.09835363,0.17382899
41681,0.9287826,0.9595407
41682,0.037818313,0.15437646
41683,0.02399691,0.06830651
41684,0.22504069,0.50456
41685,0.06641126,0.5138877
41686,0.04941284,0.277515
41687,0.012035033,0.05193799
41688,0.026681375,0.1254486
41689,0.057945892,0.09770462
41690,0.059681337,0.4452775
41691,0.41990918,0.94505745
41692,0.05369259,0.056629825
41693,0.6677743,0.39997444
41694,0.024438957,0.07130378
41695,0.27053636,0.8900696
41696,0.0049335426,0.023002733
41697,0.0630549,0.10513783
41698,0.08631326,0.20195095
41699,0.023138285,0.036338624
41700,0.0006271158,0.03431702
41701,0.8388369,0.72480917
41702,0.04615789,0.23239417
41703,0.04868834,0.038963653
41704,0.10206356,0.34857044
41705,0.010125923,0.38520014
41706,0.748137,0.95239794
41707,0.023272699,0.05838405
41708,0.08215999,0.17372997
41709,0.81496173,0.790539
41710,0.38788155,0.3047017
41711,0.9116193,0.93092704
41712,0.06664821,0.8351533
41713,0.121175475,0.9802461
41714,0.3714125,0.2146758
41715,0.04334721,0.024283282
41716,0.016854621,0.121058665
41717,0.16733684,0.017518485
41718,0.17430475,0.2597874
41719,0.06387212,0.25647143
41720,0.32759994,0.6899939
41721,0.006205299,0.1216154
41722,0.019667007,0.08242987
41723,0.037556227,0.9859489
41724,0.08040334,0.16777575
41725,0.7680095,0.98020977
41726,0.030874396,0.031720296
41727,0.88976145,0.6810626
41728,0.0037591513,0.024111027
41729,0.017891746,0.13450031
41730,0.015768997,0.047147445
41731,0.0029720513,0.4682012
41732,0.05388724,0.12368069
41733,0.067208104,0.7821401
41734,0.32018337,0.26502842
41735,0.06716226,0.11673015
41736,0.02389583,0.09974231
41737,0.065052636,0.02896952
41738,0.0025146073,0.8644245
41739,0.16502382,0.7627105
41740,0.08621307,0.1974737
41741,0.03137275,0.6892952
41742,0.014347721,0.108134866
41743,0.028935663,0.73491406
41744,0.3461674,0.66208386
41745,0.0032680286,0.028565058
41746,0.075719416,0.051181488
41747,0.969625,0.8206562
41748,0.060340226,0.6791391
41749,0.09515585,0.5577039
41750,0.01764658,0.5068413
41751,0.4413051,0.75710875
41752,0.009297381,0.07688934
41753,0.01853672,0.25310063
41754,0.26939878,0.46698803
41755,0.062220473,0.1864183
41756,0.02902886,0.17218164
41757,0.77240616,0.7688591
41758,0.13343902,0.663605
41759,0.022060562,0.29506966
41760,0.13761553,0.23338725
41761,0.50163144,0.9143879
41762,0.034501057,0.020783523
41763,0.09557012,0.13357379
41764,0.04816073,0.30020276
41765,0.010317431,0.13272679
41766,0.0554075,0.75536597
41767,0.077714875,0.9817731
41768,0.80468464,0.90903866
41769,0.12220237,0.7193501
41770,0.08790517,0.097242616
41771,0.25499666,0.10462923
41772,0.37648237,0.5000689
41773,0.039338216,0.2036234
41774,0.52192825,0.80676574
41775,0.021473702,0.21293786
41776,0.018318312,0.113150194
41777,0.6469175,0.9189168
41778,0.00943875,0.42186722
41779,0.0037056522,0.15745687
41780,0.018516397,0.09476314
41781,0.0047921096,0.011776527
41782,0.009786986,0.07028257
41783,0.03276157,0.16602768
41784,0.015798768,0.026235992
41785,0.049336012,0.25176352
41786,0.12247885,0.13498041
41787,0.04845258,0.8344514
41788,0.036303286,0.12476263
41789,0.081179865,0.30162823
41790,0.06901809,0.965014
41791,0.07673779,0.830401
41792,0.14180817,0.07418426
41793,0.21713397,0.35718456
41794,0.04504957,0.63475084
41795,0.0054498203,0.016550917
41796,0.83348596,0.92969394
41797,0.09036241,0.21072203
41798,0.09377511,0.848486
41799,0.79407394,0.95311606
41800,0.024251446,0.053801514
41801,0.015990866,0.5081632
41802,0.0056472295,0.06589348
41803,0.005409414,0.22708048
41804,0.20529513,0.9951669
41805,0.008291747,0.01362527
41806,0.19333895,0.58487797
41807,0.004043263,0.094721705
41808,0.043360747,0.35752285
41809,0.09547369,0.5703381
41810,0.6090599,0.2591756
41811,0.0075589684,0.37872
41812,0.32322958,0.14424555
41813,0.0629069,0.55448365
41814,0.022988077,0.8189348
41815,0.06688572,0.4081896
41816,0.049205758,0.04931667
41817,0.06414489,0.03802794
41818,0.018896021,0.9552402
41819,0.12132631,0.69574565
41820,0.019329844,0.070698224
41821,0.0048304484,0.1067616
41822,0.0018236396,0.019330649
41823,0.018588617,0.062602505
41824,0.0061212787,0.02083018
41825,0.08867391,0.30259117
41826,0.015824636,0.25083163
41827,0.037255906,0.26987228
41828,0.24734014,0.9519829
41829,0.011444566,0.08613924
41830,0.4373225,0.92128694
41831,0.071464844,0.38976324
41832,0.011630301,0.17964222
41833,0.0186946,0.22118698
41834,0.53972167,0.6188632
41835,0.7627605,0.6406135
41836,0.3026759,0.16035978
41837,0.04379454,0.039923377
41838,0.0071196826,0.03897077
41839,0.080895625,0.7577449
41840,0.8676554,0.9579795
41841,0.17905147,0.81508756
41842,0.45519063,0.26075396
41843,0.06972994,0.9753234
41844,0.0014802585,0.03239311
41845,0.16396634,0.24917358
41846,0.031175412,0.097553805
41847,0.17581822,0.1650563
41848,0.6290658,0.8891493
41849,0.085890196,0.3004374
41850,0.06713679,0.3669337
41851,0.03985326,0.14059436
41852,0.028992755,0.043954473
41853,0.028231392,0.39972192
41854,0.020797908,0.14655785
41855,0.78931683,0.94187975
41856,0.87618405,0.9954732
41857,0.1474306,0.14115737
41858,0.48359817,0.08443709
41859,0.748964,0.12538487
41860,0.124938846,0.96218634
41861,0.0313098,0.2390241
41862,0.062919185,0.1835789
41863,0.0324678,0.3422575
41864,0.0026631549,0.24424286
41865,0.73349845,0.95477897
41866,0.3686639,0.6694069
41867,0.7265876,0.79291636
41868,0.06769223,0.5702733
41869,0.029629545,0.13081864
41870,0.043082908,0.2461067
41871,0.063635536,0.9156411
41872,0.042775538,0.8321053
41873,0.6017721,0.8714956
41874,0.027802981,0.4157061
41875,0.04466401,0.96829134
41876,0.008726443,0.02543636
41877,0.098515406,0.12255104
41878,0.94652295,0.988157
41879,0.025118157,0.93354845
41880,0.3308291,0.6003423
41881,0.09633112,0.03163156
41882,0.13287327,0.46960902
41883,0.1358599,0.3463552
41884,0.03091588,0.08444201
41885,0.72275984,0.90390354
41886,0.014833787,0.020334229
41887,0.33763814,0.8953706
41888,0.010119945,0.92306095
41889,0.019798707,0.09967777
41890,0.027882893,0.07725862
41891,0.009820031,0.08479533
41892,0.039215647,0.29499784
41893,0.057111416,0.8141411
41894,0.03526099,0.05684582
41895,0.11516208,0.44206175
41896,0.04973616,0.6771684
41897,0.081311636,0.24856372
41898,0.04147412,0.24186604
41899,0.033794496,0.14299399
41900,0.72848344,0.906314
41901,0.01758156,0.079313256
41902,0.3001685,0.8364776
41903,0.10309537,0.84296095
41904,0.23473224,0.9157918
41905,0.04505535,0.20185664
41906,0.055336155,0.24033155
41907,0.74638045,0.8334804
41908,0.009485584,0.024054542
41909,0.90395087,0.8713618
41910,0.7182488,0.8829161
41911,0.10747399,0.038256586
41912,0.0055441144,0.24061412
41913,0.04219598,0.118695706
41914,0.050290626,0.36171228
41915,0.0064131394,0.042647153
41916,0.004660648,0.026471814
41917,0.043231945,0.17103998
41918,0.93657154,0.9000544
41919,0.05103351,0.1662665
41920,0.0019568503,0.071632095
41921,0.20213014,0.79551464
41922,0.018427862,0.12616253
41923,0.13002935,0.914543
41924,0.0007599327,0.027017768
41925,0.020153863,0.33717728
41926,0.34177268,0.8926978
41927,0.25906312,0.37726882
41928,0.27060467,0.19581687
41929,0.84385353,0.113505125
41930,0.14795284,0.59086245
41931,0.008825038,0.08167107
41932,0.5845483,0.9146532
41933,0.87666917,0.810693
41934,0.06051551,0.7851771
41935,0.030692289,0.24056414
41936,0.00032523362,0.02464088
41937,0.6532687,0.9799296
41938,0.6195447,0.56996393
41939,0.0262658,0.13197583
41940,0.031340666,0.15648308
41941,0.95072305,0.96902937
41942,0.008384203,0.33455968
41943,0.0812991,0.22249489
41944,0.0064331386,0.33116707
41945,0.71068025,0.6074167
41946,0.05465252,0.35195038
41947,0.016723167,0.32609838
41948,0.020544918,0.14045854
41949,0.13891083,0.12779671
41950,0.36817035,0.70084935
41951,0.033200786,0.7456081
41952,0.03014569,0.06007554
41953,0.015254186,0.9005733
41954,0.14696561,0.2755696
41955,0.03632434,0.06463515
41956,0.04614111,0.45679814
41957,0.14872757,0.14695728
41958,0.5234825,0.9615818
41959,0.26981294,0.93275684
41960,0.24392931,0.4900794
41961,0.9509316,0.82247776
41962,0.026133472,0.10121728
41963,0.011803973,0.47775382
41964,0.10936953,0.5782811
41965,0.033000782,0.75149983
41966,0.40005523,0.9081915
41967,0.0143365385,0.43811956
41968,0.123838015,0.0650177
41969,0.031525604,0.081513636
41970,0.051294096,0.15685913
41971,0.98402977,0.9770856
41972,0.11033663,0.88097584
41973,0.14226714,0.91393
41974,0.07154367,0.089141004
41975,0.03275216,0.25120732
41976,0.01716751,0.7916422
41977,0.016581634,0.065611124
41978,0.028391408,0.03761893
41979,0.97438055,0.933177
41980,0.03704426,0.8459998
41981,0.002735179,0.01821612
41982,0.2522679,0.5655187
41983,0.016745497,0.28733236
41984,0.31373656,0.94422394
41985,0.8270648,0.93234086
41986,0.08576551,0.3231142
41987,0.815321,0.54891735
41988,0.0044072084,0.11270172
41989,0.87531066,0.21692191
41990,0.23352113,0.13676794
41991,0.3088456,0.6282087
41992,0.1324082,0.99434954
41993,0.07263809,0.22998936
41994,0.017563839,0.033457216
41995,0.54984164,0.3758702
41996,0.034329433,0.4620751
41997,0.07447118,0.12127669
41998,0.13964981,0.2961954
41999,0.5827457,0.5618309
42000,0.045821335,0.08248668
42001,0.106711164,0.86045575
42002,0.016328873,0.04094643
42003,0.044465374,0.097145185
42004,0.7402496,0.3490204
42005,0.37005702,0.6732775
42006,0.25011066,0.52361584
42007,0.14152166,0.916699
42008,0.012513889,0.017199779
42009,0.34865183,0.5359065
42010,0.02105816,0.443654
42011,0.047438383,0.17749771
42012,0.0066490727,0.060602866
42013,0.03444646,0.81096405
42014,0.20255066,0.6171327
42015,0.0058707655,0.25168794
42016,0.023926942,0.97475547
42017,0.6138009,0.9688759
42018,0.7534544,0.1350947
42019,0.7250485,0.80206794
42020,0.024256831,0.16670558
42021,0.015992975,0.71167994
42022,0.75644547,0.95688874
42023,0.1071359,0.87221736
42024,0.0013213754,0.019925408
42025,0.052370053,0.5069643
42026,0.7727232,0.8212024
42027,0.050288256,0.88839316
42028,0.008203348,0.34390083
42029,0.035596386,0.2065818
42030,0.0011695186,0.15586486
42031,0.063868,0.19338818
42032,0.70980376,0.7493565
42033,0.089871384,0.15576315
42034,0.020988164,0.43539843
42035,0.028299706,0.022211153
42036,0.057421554,0.20039712
42037,0.066354595,0.4674973
42038,0.14251694,0.95726097
42039,0.017244402,0.13096157
42040,0.6366212,0.9229352
42041,0.89374745,0.9623431
42042,0.027703645,0.11306455
42043,0.030961227,0.11104583
42044,0.21184286,0.5243651
42045,0.6106572,0.70537317
42046,0.014915832,0.11502069
42047,0.17046207,0.33411095
42048,0.12760529,0.049041815
42049,0.17330526,0.30574545
42050,0.008866472,0.70307046
42051,0.092535794,0.89088225
42052,0.20728937,0.20968981
42053,0.0790361,0.44202915
42054,0.11198545,0.89864427
42055,0.3839989,0.69231683
42056,0.031115513,0.26288697
42057,0.075769894,0.90888363
42058,0.8495744,0.91602904
42059,0.020801872,0.0676832
42060,0.03263937,0.24918732
42061,0.0019624075,0.035214163
42062,0.011061289,0.0788001
42063,0.28570318,0.068505175
42064,0.07688844,0.5208506
42065,0.57953227,0.8491921
42066,0.008757007,0.016998786
42067,0.005253628,0.19016919
42068,0.08747256,0.4441169
42069,0.058014546,0.056090727
42070,0.04324031,0.08946222
42071,0.001340076,0.15949115
42072,0.20546383,0.8508206
42073,0.054938477,0.037184402
42074,0.026778793,0.1624763
42075,0.043139677,0.2695674
42076,0.02228873,0.8702176
42077,0.23143235,0.16198657
42078,0.88640976,0.94619083
42079,0.00981123,0.020544674
42080,0.042166684,0.13812934
42081,0.007487325,0.40075934
42082,0.066786304,0.40287527
42083,0.01004322,0.8443443
42084,0.90618306,0.867508
42085,0.16478832,0.35369128
42086,0.906444,0.6314493
42087,0.08462574,0.62083864
42088,0.013589486,0.05327008
42089,0.012990167,0.88453144
42090,0.0009897862,0.15469836
42091,0.022925638,0.03660624
42092,0.04273188,0.05155216
42093,0.14299509,0.6035511
42094,0.3624585,0.2295833
42095,0.15616715,0.1602223
42096,0.0037613858,0.030435694
42097,0.005911806,0.034161724
42098,0.79331267,0.7250153
42099,0.0806501,0.22773303
42100,0.6995834,0.9422103
42101,0.5597628,0.26431566
42102,0.13828762,0.663252
42103,0.08620862,0.07718295
42104,0.0845818,0.18808562
42105,0.12755747,0.24770758
42106,0.0013337128,0.030348426
42107,0.022208244,0.25308725
42108,0.625638,0.74791545
42109,0.9055808,0.9264017
42110,0.10877692,0.20848219
42111,0.0047898884,0.37164518
42112,0.024410669,0.028364982
42113,0.16225508,0.8528304
42114,0.0022858852,0.109265454
42115,0.039040457,0.00822572
42116,0.04621981,0.96749204
42117,0.008242238,0.020019962
42118,0.894224,0.95027256
42119,0.2794096,0.92998075
42120,0.20836994,0.6562163
42121,0.06867467,0.16432612
42122,0.014508024,0.3017268
42123,0.2476643,0.7695383
42124,0.14599235,0.47139278
42125,0.3828039,0.9813685
42126,0.10096916,0.71939176
42127,0.46840674,0.4969956
42128,0.08878781,0.5960188
42129,0.07029341,0.18103623
42130,0.7025323,0.67296684
42131,0.027060647,0.39735448
42132,0.015588066,0.058333986
42133,0.09335497,0.3317848
42134,0.037640378,0.30586594
42135,0.012955103,0.13238226
42136,0.2329334,0.5573201
42137,0.23607522,0.4936426
42138,0.11732395,0.5484809
42139,0.043584745,0.27809045
42140,0.013220601,0.15020669
42141,0.017652756,0.1257815
42142,0.05752857,0.35713238
42143,0.00863298,0.17282009
42144,0.013732533,0.012972328
42145,0.036135767,0.25643045
42146,0.04474402,0.6830642
42147,0.042395834,0.7293303
42148,0.18819296,0.9396618
42149,0.06585221,0.48590818
42150,0.14878967,0.9468204
42151,0.10830029,0.94277304
42152,0.10439608,0.25219283
42153,0.5276465,0.47271395
42154,0.956436,0.9736212
42155,0.015659774,0.59904057
42156,0.059344795,0.4725905
42157,0.10952779,0.60384506
42158,0.050046388,0.3215545
42159,0.0026095405,0.06414558
42160,0.23689593,0.6630705
42161,0.004527112,0.19192922
42162,0.028559383,0.47375152
42163,0.0534993,0.9418623
42164,0.005322321,0.1398796
42165,0.0010099934,0.01513215
42166,0.02973407,0.029737473
42167,0.08860484,0.57988167
42168,0.013371985,0.3891576
42169,0.1686863,0.22892538
42170,0.24421331,0.12973134
42171,0.5879628,0.1867578
42172,0.0041728197,0.019820614
42173,0.006686289,0.012812852
42174,0.8410247,0.95592654
42175,0.03134119,0.0077362224
42176,0.20765632,0.5697994
42177,0.04093462,0.7558063
42178,0.9320815,0.92697155
42179,0.005822747,0.029023508
42180,0.22172263,0.7292274
42181,0.14995965,0.22828194
42182,0.0051016696,0.033175398
42183,0.091738105,0.11816324
42184,0.028685482,0.69256276
42185,0.18689278,0.34928977
42186,0.0487661,0.5808198
42187,0.06830237,0.15330835
42188,0.15285031,0.13799074
42189,0.00239216,0.14885966
42190,0.32864317,0.23883067
42191,0.034422614,0.96480924
42192,0.0017750848,0.025350213
42193,0.946936,0.9920387
42194,0.02206942,0.051156323
42195,0.08749584,0.6296192
42196,0.029811114,0.23994394
42197,0.08827594,0.276593
42198,0.052810542,0.77448845
42199,0.9301162,0.9658255
42200,0.043780476,0.2745301
42201,0.051004607,0.94263977
42202,0.5181046,0.62711525
42203,0.037570056,0.019948557
42204,0.7189951,0.7212138
42205,0.3951002,0.36179453
42206,0.02669131,0.10050564
42207,0.24683626,0.88706946
42208,0.0059921728,0.052752297
42209,0.037965596,0.70338774
42210,0.18656233,0.07973466
42211,0.021335274,0.6124251
42212,0.16359054,0.9049502
42213,0.02239016,0.037724562
42214,0.009847652,0.96812135
42215,0.15240815,0.42638698
42216,0.04642092,0.4827348
42217,0.022458864,0.12602597
42218,0.004112848,0.072251484
42219,0.031027041,0.04133559
42220,0.018591225,0.19266836
42221,0.005184356,0.04794188
42222,0.38990438,0.4874805
42223,0.015381691,0.17882033
42224,0.0826255,0.05609748
42225,0.23467983,0.7141855
42226,0.020558033,0.89501923
42227,0.015427281,0.039608058
42228,0.11209255,0.05378577
42229,0.06900914,0.03321808
42230,0.5170453,0.8972938
42231,0.005912666,0.70751864
42232,0.7867459,0.8173273
42233,0.12994583,0.40480712
42234,0.956035,0.96630937
42235,0.02305433,0.24453096
42236,0.067234315,0.92466223
42237,0.011695583,0.1625795
42238,0.05850864,0.6563097
42239,0.0014550443,0.030071013
42240,0.012369423,0.92091364
42241,0.1920762,0.97329366
42242,0.017028157,0.55696046
42243,0.12620896,0.6448218
42244,0.0967888,0.10563465
42245,0.007915671,0.006250135
42246,0.5458591,0.6470906
42247,0.23333998,0.12836121
42248,0.41763404,0.83811545
42249,0.12948895,0.9270441
42250,0.21764433,0.48531052
42251,0.045296717,0.6699593
42252,0.0044720895,0.6354782
42253,0.839686,0.9652552
42254,0.1677932,0.7682092
42255,0.0037889115,0.40826946
42256,0.06885485,0.85371494
42257,0.15067457,0.5539575
42258,0.024310812,0.11670113
42259,0.06827962,0.19956358
42260,0.21821673,0.17199026
42261,0.08031956,0.81804836
42262,0.006911044,0.055645294
42263,0.31480345,0.84749913
42264,0.046222564,0.10907523
42265,0.25938833,0.38102436
42266,0.097286455,0.42562133
42267,0.1835633,0.76243997
42268,0.043835104,0.33930022
42269,0.027663292,0.25847137
42270,0.02467112,0.12007578
42271,0.7780377,0.653837
42272,0.003452562,0.062538534
42273,0.030764118,0.47372678
42274,0.16685602,0.24878453
42275,0.8672435,0.9012895
42276,0.16909301,0.87813157
42277,0.0031186307,0.08682669
42278,0.015037211,0.11934504
42279,0.08140305,0.06408036
42280,0.077220246,0.15655154
42281,0.014677593,0.0304116
42282,0.008558136,0.56397855
42283,0.076399155,0.16730942
42284,0.13534793,0.10949095
42285,0.27788627,0.28310245
42286,0.16682653,0.405264
42287,0.02860345,0.19752198
42288,0.009966293,0.13179255
42289,0.23757038,0.25753462
42290,0.027666537,0.19368376
42291,0.27767345,0.17135152
42292,0.19176765,0.6505678
42293,0.104121976,0.55110216
42294,0.5929675,0.8048348
42295,0.006496026,0.8097977
42296,0.2761095,0.8403807
42297,0.028140849,0.019700775
42298,0.06533916,0.3384547
42299,0.15910971,0.19272798
42300,0.006989123,0.11425838
42301,0.08672435,0.013746774
42302,0.052433,0.45920217
42303,0.1200987,0.012066523
42304,0.049304556,0.12684816
42305,0.068234645,0.9101343
42306,0.016757261,0.09110247
42307,0.8324323,0.9051711
42308,0.009229541,0.016636807
42309,0.24579202,0.9478118
42310,0.02041845,0.06237315
42311,0.08005324,0.9071223
42312,0.93835473,0.9477989
42313,0.38625523,0.8986227
42314,0.005807249,0.15019152
42315,0.33013147,0.15457334
42316,0.003400209,0.3462294
42317,0.118379444,0.60126805
42318,0.08475693,0.12324828
42319,0.027721236,0.034451146
42320,0.019719465,0.8085983
42321,0.6505014,0.49524164
42322,0.07536768,0.91960263
42323,0.04577923,0.102994286
42324,0.09025924,0.115506984
42325,0.5484305,0.1101867
42326,0.04673644,0.10462062
42327,0.0007149482,0.015916016
42328,0.021090982,0.67888004
42329,0.5137779,0.9664473
42330,0.015967699,0.032791615
42331,0.0014635441,0.40607405
42332,0.10666049,0.024997182
42333,0.2061421,0.955928
42334,0.88025296,0.9939382
42335,0.115540266,0.70313424
42336,0.011185228,0.7751825
42337,0.49667028,0.6807672
42338,0.13008857,0.6476391
42339,0.10855023,0.32253894
42340,0.06693803,0.19368044
42341,0.23400982,0.75036055
42342,0.0010277536,0.026783105
42343,0.102074526,0.8249288
42344,0.047672227,0.8455227
42345,0.0016329802,0.73851985
42346,0.09546014,0.56609124
42347,0.060213033,0.9447468
42348,0.07505203,0.8128298
42349,0.03783242,0.96080494
42350,0.4586733,0.73049116
42351,0.9834871,0.98783535
42352,0.14640078,0.30599448
42353,0.80955845,0.9759494
42354,0.90344054,0.94148207
42355,0.09408006,0.6144115
42356,0.17691645,0.6803807
42357,0.04180659,0.21354793
42358,0.05850243,0.08037763
42359,0.71183264,0.8601109
42360,0.37315035,0.85854006
42361,0.10637445,0.7768544
42362,0.16529214,0.3581908
42363,0.023933241,0.8859545
42364,0.07015071,0.16781054
42365,0.34932795,0.9186711
42366,0.004437044,0.008974162
42367,0.45258433,0.11659584
42368,0.7378261,0.3725135
42369,0.8153083,0.9334636
42370,0.011332021,0.2524807
42371,0.01550514,0.6788087
42372,0.41236082,0.48972163
42373,0.02803003,0.25661686
42374,0.017920727,0.92025185
42375,0.012672644,0.11787819
42376,0.0217584,0.011500205
42377,0.0048384797,0.076617956
42378,0.018045852,0.5567291
42379,0.30762166,0.9540952
42380,0.009446533,0.03329493
42381,0.041420147,0.53199834
42382,0.14511144,0.49085632
42383,0.25632975,0.9144718
42384,0.6010469,0.96934605
42385,0.8251803,0.59207094
42386,0.004646409,0.5086801
42387,0.06562328,0.28166908
42388,0.3704572,0.6801932
42389,0.19378486,0.48211232
42390,0.00047667898,0.10373409
42391,0.12378047,0.44080338
42392,0.0587043,0.0978364
42393,0.41789475,0.56195194
42394,0.067126006,0.22698607
42395,0.5370391,0.73983026
42396,0.008183648,0.1598025
42397,0.015386848,0.04117945
42398,0.07268666,0.5835488
42399,0.0595273,0.17487879
42400,0.024854751,0.5898007
42401,0.035730675,0.13776894
42402,0.026310803,0.78855926
42403,0.27113,0.7470652
42404,0.054578535,0.9795044
42405,0.19725768,0.85558623
42406,0.00920196,0.9654894
42407,0.5077424,0.70380867
42408,0.006914966,0.008643238
42409,0.22710824,0.87800616
42410,0.066346146,0.9313058
42411,0.026360657,0.2794312
42412,0.9646804,0.9615969
42413,0.00033737597,0.1568535
42414,0.013942259,0.1479417
42415,0.016468607,0.06520726
42416,0.104951985,0.14005181
42417,0.0487083,0.016760862
42418,0.04853458,0.32402653
42419,0.3428371,0.4718049
42420,0.11422526,0.19982006
42421,0.03686514,0.35351655
42422,0.03622187,0.015584159
42423,0.028744336,0.007131547
42424,0.025670564,0.27891678
42425,0.008155906,0.028591188
42426,0.15430193,0.3588482
42427,0.07367902,0.68360317
42428,0.0018174864,0.426114
42429,0.0066246307,0.068448626
42430,0.26920807,0.429517
42431,0.65189224,0.80700237
42432,0.017765073,0.039931666
42433,0.047414973,0.2377364
42434,0.0069734897,0.49566016
42435,0.019988608,0.19936465
42436,0.01810017,0.038068973
42437,0.00702032,0.060057357
42438,0.4544473,0.4838951
42439,0.74687827,0.97682625
42440,0.23940434,0.42611456
42441,0.00745789,0.58545345
42442,0.027707068,0.6534227
42443,0.018391503,0.055092305
42444,0.038672186,0.9426727
42445,0.0026336762,0.012321735
42446,0.01886042,0.38359398
42447,0.15422909,0.6509289
42448,0.0030204454,0.2216999
42449,0.0033770006,0.06730359
42450,0.021811163,0.4896161
42451,0.07189276,0.22253934
42452,0.07615096,0.98617756
42453,0.09946788,0.33262292
42454,0.035305057,0.24091311
42455,0.1996961,0.18343583
42456,0.31116053,0.4355907
42457,0.08814554,0.19218361
42458,0.10106201,0.5532315
42459,0.41506457,0.38214192
42460,0.23647296,0.8677277
42461,0.18532749,0.15566988
42462,0.89333475,0.963526
42463,0.17645912,0.3159579
42464,0.40659046,0.5122159
42465,0.031427853,0.09301725
42466,0.13448843,0.6896012
42467,0.014816398,0.9660718
42468,0.020025332,0.061356544
42469,0.012807383,0.12083872
42470,0.88871366,0.9436272
42471,0.012897245,0.4158054
42472,0.045225956,0.2184587
42473,0.19031517,0.7184676
42474,0.033578053,0.8787547
42475,0.17431732,0.96589494
42476,0.034724377,0.9581673
42477,0.15165749,0.79138184
42478,0.0036232464,0.012637848
42479,0.408628,0.2999379
42480,0.18272005,0.8902423
42481,0.01645698,0.8636169
42482,0.028178435,0.18702655
42483,0.8692613,0.7730451
42484,0.02726092,0.04047828
42485,0.015270726,0.03322049
42486,0.93754876,0.9831701
42487,0.598594,0.889233
42488,0.07921119,0.021575697
42489,0.32605627,0.9712234
42490,0.009856155,0.17839985
42491,0.013054691,0.87402576
42492,0.24942602,0.5442687
42493,0.09024691,0.97192466
42494,0.059995547,0.85768694
42495,0.09529146,0.117647484
42496,0.2308605,0.6532207
42497,0.40882885,0.2559708
42498,0.023818092,0.43850833
42499,0.014748557,0.61774266
42500,0.08124642,0.11192632
42501,0.7404528,0.95696896
42502,0.02122398,0.017038384
42503,0.124543555,0.13367513
42504,0.030975722,0.11182604
42505,0.11722343,0.54223734
42506,0.008129886,0.10402603
42507,0.1110004,0.48181182
42508,0.116533525,0.049570754
42509,0.14688762,0.28422827
42510,0.1238663,0.85915035
42511,0.7290216,0.5795076
42512,0.35169813,0.86207867
42513,0.0901388,0.25993592
42514,0.10023004,0.7401136
42515,0.87326247,0.8978178
42516,0.05060055,0.103983834
42517,0.059859212,0.80699444
42518,0.025688626,0.064280465
42519,0.08763474,0.12701766
42520,0.10942258,0.5512014
42521,0.010381855,0.5136936
42522,0.03202267,0.90310043
42523,0.9260911,0.9763075
42524,0.109358914,0.8216818
42525,0.9229784,0.9423647
42526,0.034252755,0.28878754
42527,0.08685876,0.65230864
42528,0.0041822004,0.15336668
42529,0.9138408,0.80843747
42530,0.019587604,0.5694308
42531,0.03619258,0.094057836
42532,0.015059849,0.03117532
42533,0.017576406,0.14167885
42534,0.022447696,0.24747236
42535,0.75526124,0.93188345
42536,0.013704525,0.016432615
42537,0.06508102,0.14899898
42538,0.01660518,0.14499745
42539,0.72092223,0.19148566
42540,0.004249947,0.22733168
42541,0.052661303,0.9760562
42542,0.005927379,0.060474977
42543,0.016421506,0.10037333
42544,0.09960651,0.049337737
42545,0.21183957,0.05528019
42546,0.04682168,0.047647428
42547,0.037304413,0.7521035
42548,0.0732645,0.2932541
42549,0.036763877,0.77139616
42550,0.8874313,0.9127628
42551,0.7013204,0.84892285
42552,0.007600922,0.1515387
42553,0.91364723,0.9699092
42554,0.047166537,0.54788715
42555,0.3246968,0.70459145
42556,0.026824625,0.8638483
42557,0.22928089,0.9112378
42558,0.07758561,0.06468112
42559,0.3993207,0.68485415
42560,0.14845723,0.9268338
42561,0.06263676,0.5709204
42562,0.049799155,0.406495
42563,0.022410115,0.06682737
42564,0.068573646,0.0644608
42565,0.05340563,0.41084844
42566,0.119970195,0.9345648
42567,0.48466796,0.9775643
42568,0.19626737,0.20277843
42569,0.7730906,0.85087353
42570,0.0037153456,0.005292227
42571,0.2547941,0.2789493
42572,0.025790997,0.31539625
42573,0.34080127,0.40297237
42574,0.18033916,0.8732041
42575,0.043986045,0.7419934
42576,0.04148553,0.504976
42577,0.020292021,0.020889647
42578,0.83815634,0.94240725
42579,0.19221018,0.3436125
42580,0.096815445,0.18407086
42581,0.53176934,0.3227609
42582,0.05416302,0.044177715
42583,0.8857616,0.9893745
42584,0.048738502,0.6862611
42585,0.21691343,0.17410783
42586,0.71104187,0.8725767
42587,0.002200426,0.007960071
42588,0.096333385,0.12064693
42589,0.0044983733,0.28533795
42590,0.44307736,0.6652542
42591,0.027531616,0.63143855
42592,0.21258348,0.8779025
42593,0.883185,0.581596
42594,0.009550274,0.1535556
42595,0.27730227,0.92154425
42596,0.0059412494,0.026552929
42597,0.044684798,0.31450668
42598,0.3956994,0.057860844
42599,0.045364194,0.104879685
42600,0.21707019,0.913089
42601,0.35546672,0.1182104
42602,0.30311945,0.8984149
42603,0.5847454,0.7597091
42604,0.33594126,0.23037113
42605,0.0352661,0.27949798
42606,0.4922107,0.88429946
42607,0.018316377,0.030960876
42608,0.09893479,0.13392314
42609,0.6073949,0.28585294
42610,0.012889701,0.77814007
42611,0.82940495,0.9527152
42612,0.23414011,0.88486755
42613,0.0033183235,0.020269547
42614,0.058799338,0.14644654
42615,0.1313875,0.16866231
42616,0.05946604,0.108826555
42617,0.2215962,0.44306257
42618,0.053222027,0.9506205
42619,0.29649028,0.47631714
42620,0.0032683734,0.05962294
42621,0.028039094,0.08001337
42622,0.01499412,0.05239437
42623,0.037905406,0.24143709
42624,0.008243918,0.2597474
42625,0.062590174,0.2276371
42626,0.638164,0.9141469
42627,0.0772488,0.46115637
42628,0.15974903,0.08842512
42629,0.33984742,0.16759242
42630,0.05210144,0.30160493
42631,0.19554186,0.8863081
42632,0.11551173,0.1982877
42633,0.0051876972,0.02376691
42634,0.0020663766,0.26994208
42635,0.15164544,0.6894892
42636,0.59245867,0.8898877
42637,0.027677992,0.31383732
42638,0.15113354,0.5427017
42639,0.07193374,0.9311805
42640,0.018428553,0.116523
42641,0.33296946,0.33449227
42642,0.0010546694,0.0024707902
42643,0.10734084,0.21009837
42644,0.18625711,0.30909675
42645,0.13917147,0.72775984
42646,0.2696476,0.8992778
42647,0.14275093,0.9881698
42648,0.29775858,0.12581933
42649,0.052128695,0.09176954
42650,0.045176394,0.49992877
42651,0.22926293,0.18087567
42652,0.23130171,0.59652764
42653,0.6288661,0.05327289
42654,0.6189575,0.9409283
42655,0.026247298,0.05694176
42656,0.016612992,0.1287517
42657,0.014461201,0.020927235
42658,0.0022874072,0.14517988
42659,0.042473227,0.75320613
42660,0.57335895,0.9564561
42661,0.119171694,0.16914886
42662,0.12149299,0.4845814
42663,0.11918072,0.8004488
42664,0.73124975,0.5559634
42665,0.026991462,0.80425274
42666,0.020992594,0.6190533
42667,0.79260546,0.97116303
42668,0.07535373,0.054228645
42669,0.11503507,0.07094359
42670,0.04211233,0.41959873
42671,0.064625435,0.26658732
42672,0.42262784,0.7620841
42673,0.13949306,0.56231743
42674,0.40908146,0.9189109
42675,0.1283405,0.6415442
42676,0.060521465,0.14630176
42677,0.011282285,0.42735058
42678,0.039629545,0.51207775
42679,0.04262856,0.1995338
42680,0.05654134,0.06939655
42681,0.02204474,0.13244794
42682,0.00492448,0.0291399
42683,0.09005958,0.5767802
42684,0.7522786,0.97584176
42685,0.032460015,0.6533468
42686,0.7848589,0.9088143
42687,0.9525697,0.94345593
42688,0.15252224,0.6815792
42689,0.9759253,0.93111604
42690,0.001910945,0.032611646
42691,0.056988135,0.22033277
42692,0.010949683,0.34753215
42693,0.057492428,0.8217743
42694,0.19963105,0.122692935
42695,0.017022459,0.11724459
42696,0.511408,0.7163929
42697,0.028233146,0.05729717
42698,0.96554005,0.9418859
42699,0.15928625,0.65753037
42700,0.02447009,0.56799906
42701,0.02300695,0.7830802
42702,0.0068711797,0.05289682
42703,0.021184338,0.07663157
42704,0.25029305,0.90719813
42705,0.0031492019,0.026301421
42706,0.086518034,0.36507523
42707,0.029111465,0.05913421
42708,0.11241663,0.9589255
42709,0.043703925,0.34717983
42710,0.0012893584,0.05664194
42711,0.098849446,0.4537962
42712,0.11842769,0.29338095
42713,0.2444273,0.9730444
42714,0.02506279,0.8621456
42715,0.008040993,0.06623955
42716,0.22950193,0.5581584
42717,0.12010033,0.2163859
42718,0.21325201,0.9197252
42719,0.055831447,0.3562729
42720,0.7538497,0.8817783
42721,0.007670508,0.040736526
42722,0.7263283,0.8068126
42723,0.10027673,0.6684125
42724,0.008981838,0.054356076
42725,0.056416783,0.3307472
42726,0.068049066,0.69250894
42727,0.019593768,0.22086285
42728,0.108705044,0.4404129
42729,0.24916719,0.9618631
42730,0.29086667,0.92523766
42731,0.045342136,0.78610396
42732,0.39550725,0.6161241
42733,0.03597602,0.14224476
42734,0.0339601,0.23867843
42735,0.31068048,0.93597263
42736,0.4006086,0.2332435
42737,0.17666796,0.07199719
42738,0.044975568,0.79032797
42739,0.28645408,0.60220784
42740,0.016727433,0.19799058
42741,0.0854987,0.8205781
42742,0.067715645,0.18926601
42743,0.028205097,0.14733513
42744,0.00078746676,0.07053433
42745,0.13260695,0.7147154
42746,0.029566018,0.09649095
42747,0.025211252,0.68634623
42748,0.02328128,0.27083674
42749,0.8709542,0.95540196
42750,0.1971551,0.11549093
42751,0.03276378,0.3405196
42752,0.03582295,0.33705726
42753,0.5336242,0.4544067
42754,0.12179873,0.15627787
42755,0.029902479,0.38952625
42756,0.11224236,0.9450249
42757,0.62975925,0.373526
42758,0.03414102,0.12619817
42759,0.014659425,0.19031936
42760,0.07707166,0.34851915
42761,0.6682591,0.67854613
42762,0.3811994,0.36264932
42763,0.8167636,0.9650211
42764,0.23810938,0.6131334
42765,0.023767732,0.03422952
42766,0.01257687,0.35093963
42767,0.018286671,0.57046837
42768,0.067530744,0.39977118
42769,0.020158803,0.06973163
42770,0.03892554,0.099497125
42771,0.6170569,0.09906198
42772,0.92137724,0.87959224
42773,0.03528693,0.2863286
42774,0.057577025,0.16886583
42775,0.026613172,0.07393823
42776,0.03013166,0.11064437
42777,0.65653324,0.7858141
42778,0.10579887,0.28069127
42779,0.16809057,0.50011003
42780,0.011452708,0.06846876
42781,0.41737184,0.9398275
42782,0.15114118,0.89003485
42783,0.93970233,0.96801245
42784,0.03516935,0.79974216
42785,0.021673216,0.92368275
42786,0.021070069,0.20853353
42787,0.24830118,0.9842593
42788,0.030902486,0.5480335
42789,0.0073744417,0.33301428
42790,0.0046779714,0.025680108
42791,0.023916595,0.026480526
42792,0.027493203,0.28507057
42793,0.63795817,0.8741034
42794,0.20017919,0.35081747
42795,0.005161927,0.046272412
42796,0.81269264,0.8708339
42797,0.09629363,0.20638786
42798,0.051506285,0.55978125
42799,0.025746884,0.55320084
42800,0.082108766,0.9188964
42801,0.11106977,0.23896353
42802,0.020425363,0.10432337
42803,0.4452977,0.8469553
42804,0.18940265,0.9323769
42805,0.19694208,0.8831618
42806,0.22237831,0.7345753
42807,0.07077299,0.06602097
42808,0.057120413,0.08302362
42809,0.14404088,0.25735146
42810,0.007914162,0.1076322
42811,0.09278636,0.493597
42812,0.30117425,0.43284094
42813,0.07576162,0.8237643
42814,0.020621007,0.06370356
42815,0.018661546,0.09686567
42816,0.008372405,0.03142163
42817,0.165907,0.1298772
42818,0.038337417,0.1783484
42819,0.006451543,0.20164678
42820,0.04206067,0.2501069
42821,0.40340817,0.9730328
42822,0.029531669,0.715117
42823,0.06268688,0.20797078
42824,0.8122493,0.99581283
42825,0.2002373,0.95522213
42826,0.86320376,0.36166754
42827,0.06965736,0.16956778
42828,0.028929139,0.112692825
42829,0.016656555,0.086519375
42830,0.47688547,0.5163292
42831,0.2761588,0.92944527
42832,0.43347275,0.77107406
42833,0.9450073,0.9917611
42834,0.025890794,0.96666336
42835,0.44194096,0.80058074
42836,0.007302408,0.005876518
42837,0.08921769,0.9867784
42838,0.34629497,0.38391444
42839,0.91629875,0.90484077
42840,0.006720891,0.58646435
42841,0.048804138,0.8261663
42842,0.55930734,0.70640874
42843,0.0070844707,0.20850869
42844,0.089980304,0.5243083
42845,0.8875108,0.90827125
42846,0.029395172,0.9003507
42847,0.0909313,0.27517587
42848,0.25198126,0.89261544
42849,0.0007537988,0.013327355
42850,0.0928472,0.87021697
42851,0.028318094,0.0016622925
42852,0.111067906,0.6260837
42853,0.02461867,0.64211214
42854,0.38570383,0.32202676
42855,0.026394665,0.97437274
42856,0.017258849,0.16410202
42857,0.1477263,0.80283654
42858,0.56541336,0.78648525
42859,0.020081174,0.028079199
42860,0.2795774,0.849938
42861,0.010866423,0.914791
42862,0.038566433,0.17218386
42863,0.36436468,0.8527209
42864,0.009059433,0.2403714
42865,0.034749657,0.283635
42866,0.039371584,0.07120771
42867,0.34737608,0.5947357
42868,0.52359843,0.3388884
42869,0.07952536,0.8171672
42870,0.009683176,0.19537961
42871,0.95603806,0.9463879
42872,0.066470325,0.96839213
42873,0.03136362,0.42639858
42874,0.12115708,0.022502827
42875,0.015497716,0.49909434
42876,0.13476917,0.022857143
42877,0.049789306,0.85048014
42878,0.31902254,0.513127
42879,0.15375547,0.70909566
42880,0.9516315,0.9903126
42881,0.01724184,0.5078334
42882,0.14571957,0.7490565
42883,0.14521804,0.08310509
42884,0.04451739,0.7032524
42885,0.039960925,0.66757005
42886,0.5926889,0.7717811
42887,0.008060524,0.2500615
42888,0.0048295083,0.2601376
42889,0.057002485,0.08857171
42890,0.2052084,0.38488328
42891,0.15542625,0.6413492
42892,0.063823886,0.4053221
42893,0.04325858,0.8232273
42894,0.07827168,0.08793972
42895,0.0061830725,0.03876512
42896,0.0468925,0.3094127
42897,0.151159,0.41394678
42898,0.31611395,0.6344904
42899,0.09299517,0.32724583
42900,0.06589959,0.9401412
42901,0.71576715,0.87249404
42902,0.9322964,0.8940015
42903,0.03596505,0.73753303
42904,0.04864843,0.2836303
42905,0.11368383,0.85568243
42906,0.045371134,0.28584704
42907,0.07650487,0.18469693
42908,0.12768032,0.6843324
42909,0.003046068,0.56439203
42910,0.12750354,0.97010607
42911,0.97923595,0.99218595
42912,0.062497832,0.18461035
42913,0.4284598,0.33057174
42914,0.046396308,0.9551935
42915,0.87017715,0.90564734
42916,0.0004149701,0.035067096
42917,0.034250375,0.074567534
42918,0.023676468,0.18467823
42919,0.017532647,0.6652247
42920,0.17341709,0.74331665
42921,0.00020400989,0.09072475
42922,0.25304168,0.75238377
42923,0.0033652082,0.6782296
42924,0.2883128,0.037569046
42925,0.005460046,0.32071915
42926,0.2267155,0.47002703
42927,0.010104891,0.08247943
42928,0.010040939,0.034047253
42929,0.055505816,0.6593906
42930,0.14975904,0.71308166
42931,0.61605287,0.5470035
42932,0.014904774,0.9278855
42933,0.028318822,0.19848846
42934,0.009778721,0.059931587
42935,0.024003742,0.7089742
42936,0.035553217,0.9637489
42937,0.036909,0.93987644
42938,0.84219486,0.97355294
42939,0.010221242,0.7030596
42940,0.22226024,0.79996073
42941,0.04569246,0.6856853
42942,0.81572425,0.7081749
42943,0.11030697,0.3159804
42944,0.2390222,0.34972268
42945,0.036536746,0.5672269
42946,0.0370104,0.8025206
42947,0.027116712,0.53338355
42948,0.6391901,0.45625114
42949,0.016201708,0.3350012
42950,0.15330224,0.615917
42951,0.681654,0.7985037
42952,0.041202854,0.22943586
42953,0.19328682,0.7645134
42954,0.00079564995,0.04364268
42955,0.36749607,0.20992748
42956,0.032653578,0.55621046
42957,0.040549606,0.04828764
42958,0.29969713,0.18835516
42959,0.42671824,0.57645756
42960,0.03658542,0.3465865
42961,0.002491968,0.010920525
42962,0.15649107,0.3304851
42963,0.0122322375,0.1694226
42964,0.02552474,0.6823539
42965,0.55059826,0.77918506
42966,0.7063572,0.96953964
42967,0.9160274,0.71519667
42968,0.3275189,0.8679577
42969,0.010763304,0.2705559
42970,0.5769551,0.13457507
42971,0.967947,0.8765977
42972,0.001392319,0.07881645
42973,0.16375586,0.59102273
42974,0.029077776,0.040207688
42975,0.8884493,0.9777273
42976,0.09461273,0.5251899
42977,0.30742043,0.7130917
42978,0.06746668,0.48873293
42979,0.046944585,0.66621333
42980,0.030329388,0.40360963
42981,0.023619734,0.7949874
42982,0.070248395,0.056704536
42983,0.0009895208,0.79044557
42984,0.026743509,0.41154286
42985,0.012193047,0.15659265
42986,0.14074019,0.2965721
42987,0.017393023,0.6338687
42988,0.0007649281,0.28807232
42989,0.005574057,0.032163125
42990,0.056859754,0.44930568
42991,0.1561997,0.21717522
42992,0.44557118,0.8499837
42993,0.1088352,0.4102759
42994,0.16985607,0.63062775
42995,0.7959325,0.9248624
42996,0.65180784,0.20883824
42997,0.013391306,0.018224567
42998,0.25627548,0.088789925
42999,0.62287664,0.71889436
43000,0.6829251,0.86326593
43001,0.18575743,0.43724746
43002,0.005706083,0.101364516
43003,0.03656037,0.8586136
43004,0.025446871,0.24937086
43005,0.15084568,0.124476016
43006,0.4142932,0.8613508
43007,0.78973585,0.9606216
43008,0.047987387,0.42282578
43009,0.04533064,0.3512946
43010,0.04033486,0.8297653
43011,0.084533066,0.40364936
43012,0.12537673,0.7643119
43013,0.08992339,0.14790544
43014,0.14267115,0.8539781
43015,0.1762028,0.84977615
43016,0.027941057,0.4470358
43017,0.038336046,0.046374664
43018,0.043803215,0.107730225
43019,0.007298102,0.05310788
43020,0.049680814,0.0374832
43021,0.011887261,0.2536109
43022,0.30616006,0.8116306
43023,0.03228301,0.79630923
43024,0.0012961334,0.094124936
43025,0.016765308,0.22091469
43026,0.006546626,0.03793439
43027,0.030662635,0.055258486
43028,0.00935963,0.1816575
43029,0.80734754,0.8163637
43030,0.017164864,0.020310955
43031,0.03063444,0.9230041
43032,0.11571094,0.8373322
43033,0.033176266,0.072999485
43034,0.2745167,0.2589071
43035,0.0054075387,0.0665244
43036,0.13171074,0.84338176
43037,0.089578964,0.59837735
43038,0.973321,0.99322176
43039,0.3048039,0.2102248
43040,0.50509995,0.96177065
43041,0.16942276,0.1580116
43042,0.062345546,0.10602332
43043,0.019340472,0.048840288
43044,0.022704365,0.12721519
43045,0.03148044,0.43399224
43046,0.027522212,0.10126318
43047,0.18768933,0.16218586
43048,0.12848614,0.109782875
43049,0.0007552048,0.0051370934
43050,0.7240786,0.8390835
43051,0.000882518,0.02062227
43052,0.012881616,0.02123792
43053,0.24476798,0.9403239
43054,0.16844404,0.911351
43055,0.41539237,0.64036536
43056,0.06965034,0.84807134
43057,0.20442142,0.8547527
43058,0.01847751,0.20505477
43059,0.046100453,0.17937317
43060,0.02733412,0.78365743
43061,0.95045084,0.9622137
43062,0.07889036,0.07515433
43063,0.021840407,0.5232715
43064,0.056177437,0.18209179
43065,0.83136123,0.8925295
43066,0.0057901884,0.05109033
43067,0.42034972,0.5937098
43068,0.4251278,0.3477886
43069,0.0007677422,0.04032336
43070,0.71245307,0.89052325
43071,0.05919138,0.9536146
43072,0.9184005,0.9884769
43073,0.022026619,0.016881619
43074,0.33893064,0.20033872
43075,0.8180842,0.88893634
43076,0.36050418,0.8003339
43077,0.025115378,0.110145405
43078,0.17388952,0.3692522
43079,0.055955824,0.10659213
43080,0.14955905,0.06929844
43081,0.027314559,0.35685655
43082,0.16718374,0.30382496
43083,0.00050875626,0.0126621295
43084,0.065067805,0.6013446
43085,0.13449094,0.8267085
43086,0.008515489,0.056318972
43087,0.08549601,0.69827676
43088,0.53182286,0.9277959
43089,0.7641288,0.52087516
43090,0.016575446,0.8730389
43091,0.07124438,0.14228919
43092,0.019088876,0.076928034
43093,0.05420748,0.94538933
43094,0.09166572,0.92449564
43095,0.3489505,0.2660105
43096,0.0916242,0.1562803
43097,0.8250422,0.70005983
43098,0.12293403,0.79506344
43099,0.089780614,0.18624547
43100,0.012509982,0.15319675
43101,0.7791396,0.95188665
43102,0.011766105,0.19979355
43103,0.07497788,0.15702324
43104,0.3737016,0.9433724
43105,0.010531556,0.29832906
43106,0.0020891102,0.04162066
43107,0.06550167,0.9113056
43108,0.15963179,0.310525
43109,0.007298866,0.04051735
43110,0.01826044,0.7611421
43111,0.06607414,0.30858454
43112,0.040098514,0.23149832
43113,0.023561532,0.86775225
43114,0.2574225,0.49487713
43115,0.12746166,0.43595353
43116,0.8551837,0.93052137
43117,0.11809447,0.4893065
43118,0.034657,0.098428115
43119,0.790309,0.98209506
43120,0.17194279,0.9394828
43121,0.045847163,0.9689835
43122,0.5593785,0.67563075
43123,0.0067525776,0.33984286
43124,0.09517947,0.20266515
43125,0.014426413,0.063298695
43126,0.094167545,0.8703694
43127,0.12476726,0.099905856
43128,0.036283903,0.92011464
43129,0.001640718,0.012009823
43130,0.023452593,0.92555374
43131,0.40093035,0.8802085
43132,0.053206,0.48290896
43133,0.34714195,0.5196459
43134,0.067216024,0.11922628
43135,0.107816085,0.8024845
43136,0.05065447,0.7964948
43137,0.023922676,0.8546779
43138,0.16465107,0.41548717
43139,0.06504641,0.9344421
43140,0.074258015,0.5775975
43141,0.82821494,0.9724736
43142,0.9825121,0.9523994
43143,0.0053677773,0.12994877
43144,0.037611216,0.9511986
43145,0.87460905,0.962444
43146,0.10717381,0.60241413
43147,0.052803073,0.38622445
43148,0.94179904,0.97497016
43149,0.035676803,0.8760284
43150,0.019342218,0.86576504
43151,0.0339153,0.38678652
43152,0.0050192163,0.006426809
43153,0.637575,0.9680615
43154,0.08533609,0.4626742
43155,0.009752747,0.02993024
43156,0.40377608,0.8311765
43157,0.14349073,0.32716072
43158,0.0030281001,0.04193463
43159,0.13224624,0.16904499
43160,0.14685029,0.91569614
43161,0.94296676,0.9834821
43162,0.26154065,0.84893715
43163,0.022039315,0.7306272
43164,0.17989437,0.70891035
43165,0.16730931,0.9140741
43166,0.7858837,0.64445937
43167,0.11811896,0.8817463
43168,0.4500215,0.87057734
43169,0.04398508,0.07684393
43170,0.020904593,0.79232687
43171,0.024757419,0.5986534
43172,0.011573795,0.05687696
43173,0.008675502,0.06450303
43174,0.0821715,0.79089075
43175,0.028628374,0.4817949
43176,0.044600025,0.1064096
43177,0.024730785,0.7913002
43178,0.017350348,0.22749695
43179,0.057307836,0.33933818
43180,0.072853655,0.4165545
43181,0.07968632,0.67900306
43182,0.12288752,0.415789
43183,0.6795246,0.36746994
43184,0.002359847,0.02911604
43185,0.015011011,0.15820424
43186,0.13107356,0.6702639
43187,0.21301322,0.94951123
43188,0.07017082,0.15490192
43189,0.16656657,0.5612289
43190,0.91815495,0.9913208
43191,0.04001705,0.038504165
43192,0.7614277,0.69458526
43193,0.01703226,0.099555336
43194,0.040229335,0.18159388
43195,0.019696107,0.92338526
43196,0.050974548,0.0148880305
43197,0.80329305,0.88525444
43198,0.6846254,0.8624203
43199,0.018653657,0.055448044
43200,0.0082669165,0.1491522
43201,0.19333148,0.96278685
43202,0.005204937,0.71434003
43203,0.016250484,0.08099158
43204,0.0045644715,0.013140042
43205,0.72741264,0.96193266
43206,0.7899014,0.8948276
43207,0.013516347,0.08392207
43208,0.026794512,0.06329414
43209,0.880849,0.93464863
43210,0.56227565,0.93618375
43211,0.03277688,0.5401674
43212,0.009528451,0.58201677
43213,0.061397962,0.29460064
43214,0.04360563,0.03743069
43215,0.06440628,0.938976
43216,0.051347874,0.082631424
43217,0.09446536,0.88361716
43218,0.62534684,0.12047283
43219,0.07119706,0.38628405
43220,0.025872564,0.02161141
43221,0.24653871,0.33824965
43222,0.5399639,0.9638193
43223,0.07808,0.8547015
43224,0.20059712,0.17553444
43225,0.9405911,0.8261619
43226,0.6106695,0.88708836
43227,0.033820793,0.266332
43228,0.0583909,0.817397
43229,0.986587,0.14742284
43230,0.7525568,0.6898885
43231,0.025322083,0.10190019
43232,0.0006368771,0.036192942
43233,0.08685749,0.12718536
43234,0.058693003,0.23440136
43235,0.954224,0.9400202
43236,0.1613699,0.91781986
43237,0.019703021,0.037718695
43238,0.21182035,0.8524417
43239,0.56461155,0.86218524
43240,0.007861838,0.30333173
43241,0.08958352,0.39156327
43242,0.2952647,0.7251811
43243,0.006179965,0.96879
43244,0.03822138,0.38944316
43245,0.06373693,0.036010668
43246,0.031898517,0.51715004
43247,0.0069344137,0.97570395
43248,0.040598348,0.36057684
43249,0.075002804,0.109323084
43250,0.17259711,0.44126108
43251,0.18213254,0.067368254
43252,0.029802227,0.9624957
43253,0.5375246,0.7395756
43254,0.08947614,0.89207894
43255,0.29961267,0.6787953
43256,0.0062340973,0.054005552
43257,0.14676395,0.67230743
43258,0.0066542365,0.5113925
43259,0.036456462,0.4249233
43260,0.79442006,0.70983464
43261,0.058534257,0.22446445
43262,0.047124896,0.477828
43263,0.1025429,0.7212516
43264,0.3434494,0.38808134
43265,0.44494894,0.4544112
43266,0.065469064,0.16321915
43267,0.0892256,0.7947293
43268,0.5017032,0.8451177
43269,0.014082808,0.772768
43270,0.32226902,0.7083592
43271,0.7825446,0.9378038
43272,0.4399608,0.8436434
43273,0.013432988,0.021707097
43274,0.80437994,0.6942336
43275,0.04423476,0.510567
43276,0.19445787,0.8659235
43277,0.038634613,0.10532451
43278,0.18516146,0.5699333
43279,0.059393995,0.46624628
43280,0.12736046,0.13793176
43281,0.3526746,0.6819507
43282,0.88136524,0.57477653
43283,0.001347757,0.013540777
43284,0.38829955,0.03268125
43285,0.010111948,0.39185077
43286,0.9202149,0.9207867
43287,0.41792503,0.91182774
43288,0.026636003,0.7656939
43289,0.009899639,0.0718972
43290,0.23995352,0.97002673
43291,0.79071116,0.90892184
43292,0.16830583,0.13991994
43293,0.010676529,0.6788485
43294,0.018340593,0.65860313
43295,0.010215706,0.021654146
43296,0.09291969,0.7386221
43297,0.041972607,0.0830396
43298,0.17156775,0.8364489
43299,0.05277176,0.053751457
43300,0.033333942,0.75370896
43301,0.025399715,0.054441325
43302,0.05249694,0.3148278
43303,0.008490347,0.05742331
43304,0.0065240227,0.14051868
43305,0.23585209,0.8852222
43306,0.02052045,0.6916885
43307,0.050413754,0.61645555
43308,0.8095389,0.9412572
43309,0.055046227,0.4739149
43310,0.09466477,0.4402132
43311,0.08763008,0.09992663
43312,0.0018220199,0.04954558
43313,0.022192338,0.21294065
43314,0.005186265,0.038925465
43315,0.037974164,0.186486
43316,0.92907625,0.96150166
43317,0.13397343,0.3531475
43318,0.018932194,0.16059317
43319,0.014009724,0.12841552
43320,0.26307663,0.78418744
43321,0.037135053,0.17889208
43322,0.0006502486,0.016685454
43323,0.09967029,0.7804308
43324,0.016309492,0.07384036
43325,0.009617847,0.04575274
43326,0.045519885,0.42230377
43327,0.010199124,0.11734715
43328,0.25509796,0.9218782
43329,0.9364634,0.9645564
43330,0.16365173,0.25663084
43331,0.19977178,0.9339418
43332,0.029723443,0.23422633
43333,0.006328601,0.2170652
43334,0.024808846,0.48195976
43335,0.09820351,0.40106517
43336,0.08303707,0.14342621
43337,0.010913774,0.044124335
43338,0.073324874,0.9326783
43339,0.082845226,0.114334166
43340,0.019947987,0.012100197
43341,0.05244549,0.17939223
43342,0.010049954,0.03529019
43343,0.0033061046,0.29299337
43344,0.097539656,0.1430246
43345,0.011077383,0.0375957
43346,0.12321813,0.030487277
43347,0.045218796,0.27339223
43348,0.032422177,0.8050622
43349,0.9548716,0.96821254
43350,0.9918731,0.81168884
43351,0.5120844,0.112632535
43352,0.061639033,0.47329614
43353,0.025562951,0.9128226
43354,0.008210377,0.021675227
43355,0.0033977022,0.7438904
43356,0.13410822,0.058739714
43357,0.005638889,0.040431645
43358,0.06470908,0.30578345
43359,0.533637,0.08183007
43360,0.14488071,0.8918693
43361,0.035594944,0.06744593
43362,0.01491198,0.018358033
43363,0.15698825,0.11560411
43364,0.14867109,0.07426439
43365,0.037085243,0.85393924
43366,0.01158826,0.73474306
43367,0.7742838,0.9002592
43368,0.4740416,0.7851218
43369,0.052224852,0.3632422
43370,0.89014536,0.98082376
43371,0.008945967,0.10251879
43372,0.11894588,0.68728006
43373,0.11980467,0.81042737
43374,0.04191123,0.20010735
43375,0.055566944,0.083246805
43376,0.10257682,0.25653595
43377,0.0015250333,0.09101063
43378,0.02553614,0.65322435
43379,0.120221704,0.12067909
43380,0.035783205,0.014361019
43381,0.0042531835,0.16989417
43382,0.30269167,0.51654714
43383,0.005931182,0.8221033
43384,0.0139354225,0.5050358
43385,0.02290797,0.63037413
43386,0.0020955268,0.04658403
43387,0.20824814,0.40725043
43388,0.9614898,0.99097073
43389,0.07114154,0.593301
43390,0.44736093,0.9199713
43391,0.051474437,0.62592536
43392,0.00079637324,0.048381582
43393,0.022122452,0.90280783
43394,0.06055552,0.6843892
43395,0.46674967,0.50569725
43396,0.0065048337,0.011649134
43397,0.019101791,0.9150967
43398,0.12311828,0.80775183
43399,0.09776986,0.4035813
43400,0.07430023,0.37882593
43401,0.030263115,0.124174364
43402,0.0072967005,0.01695195
43403,0.06763605,0.25179142
43404,0.33147958,0.13965014
43405,0.027501939,0.68054223
43406,0.92756844,0.8704123
43407,0.852153,0.9737922
43408,0.96271473,0.95537573
43409,0.49453655,0.7475356
43410,0.014843993,0.276136
43411,0.014940656,0.5261433
43412,0.088142246,0.88310385
43413,0.014006708,0.5971798
43414,0.031076388,0.06840897
43415,0.28486717,0.64579356
43416,0.50551254,0.4113504
43417,0.33349863,0.3923462
43418,0.1806792,0.2064397
43419,0.020480819,0.9834404
43420,0.049717896,0.06915176
43421,0.037431985,0.09848263
43422,0.006208432,0.21877055
43423,0.072342716,0.73086643
43424,0.2535986,0.92035884
43425,0.025984889,0.7276315
43426,0.35063344,0.9485296
43427,0.04394032,0.58158565
43428,0.9642015,0.96312714
43429,0.22898194,0.9142813
43430,0.076293536,0.122252606
43431,0.23260362,0.2218251
43432,0.723068,0.6827884
43433,0.004860535,0.07201218
43434,0.0736778,0.36455673
43435,0.0019089953,0.05701006
43436,0.6878547,0.5147693
43437,0.037137117,0.73023933
43438,0.13756281,0.23770949
43439,0.087695934,0.13730708
43440,0.112979785,0.21260165
43441,0.018930262,0.044470057
43442,0.004742741,0.18568237
43443,0.054032747,0.47069353
43444,0.007244216,0.05574655
43445,0.93022233,0.85504395
43446,0.008521043,0.018211493
43447,0.003689444,0.12636624
43448,0.020665271,0.025376825
43449,0.022543797,0.054369893
43450,0.057367574,0.8066199
43451,0.01440013,0.387489
43452,0.03659951,0.16677701
43453,0.746669,0.9312185
43454,0.09584114,0.029195296
43455,0.061220046,0.3480517
43456,0.08848747,0.9284937
43457,0.33488843,0.5219748
43458,0.77778506,0.91727054
43459,0.05144568,0.47390738
43460,0.819173,0.8534731
43461,0.09051937,0.19102722
43462,0.025502715,0.22302334
43463,0.2936241,0.8722413
43464,0.027915258,0.119708516
43465,0.09205516,0.0359374
43466,0.09015645,0.30197787
43467,0.78487897,0.70520926
43468,0.39958444,0.24445015
43469,0.11063289,0.30865836
43470,0.15505505,0.18339704
43471,0.40456203,0.60291976
43472,0.79925853,0.8190897
43473,0.06435957,0.068543
43474,0.025560215,0.07016474
43475,0.054347686,0.15312226
43476,0.15534781,0.11988409
43477,0.00079289154,0.77703524
43478,0.35349044,0.6529247
43479,0.085979804,0.6891768
43480,0.023173861,0.2150074
43481,0.033320025,0.8231404
43482,0.14701562,0.3435761
43483,0.049877338,0.5317569
43484,0.007863155,0.88989586
43485,0.0029127237,0.06255105
43486,0.5688888,0.9019501
43487,0.0449249,0.1451864
43488,0.17992903,0.8834618
43489,0.19792886,0.50131035
43490,0.09039377,0.21504562
43491,0.3397433,0.90015584
43492,0.08285993,0.24753752
43493,0.051218968,0.35649666
43494,0.018022167,0.10550252
43495,0.008509778,0.37005994
43496,0.03535338,0.13511433
43497,0.46023476,0.8651203
43498,0.3806094,0.8132212
43499,0.76613724,0.9508127
43500,0.07125233,0.6357041
43501,0.13076226,0.16537325
43502,0.025120726,0.26209113
43503,0.039511472,0.7606486
43504,0.3084152,0.27314055
43505,0.028678292,0.11194662
43506,0.59546345,0.97626036
43507,0.0062041935,0.03833279
43508,0.005528051,0.03215712
43509,0.08477183,0.46856266
43510,0.72964454,0.89616156
43511,0.011266562,0.017408676
43512,0.55970603,0.84258235
43513,0.06756743,0.13737181
43514,0.49921706,0.19237688
43515,0.010699651,0.111477114
43516,0.81240153,0.5999565
43517,0.020412333,0.62202793
43518,0.004150483,0.037793048
43519,0.003363208,0.025179047
43520,0.11426484,0.20898096
43521,0.02722711,0.5395827
43522,0.008220626,0.72427887
43523,0.03388724,0.8760643
43524,0.317651,0.8999866
43525,0.04440965,0.13005085
43526,0.012164313,0.19398636
43527,0.01656328,0.82294095
43528,0.020382421,0.65103
43529,0.052937195,0.91016
43530,0.2546355,0.91969764
43531,0.033371855,0.18891026
43532,0.0021077401,0.013056798
43533,0.08432134,0.25529453
43534,0.3440742,0.33123508
43535,0.95931435,0.9941835
43536,0.01845449,0.17479154
43537,0.7023093,0.8432929
43538,0.273922,0.44226444
43539,0.8897682,0.932485
43540,0.007687648,0.08284526
43541,0.67360365,0.9524978
43542,0.4468712,0.46546984
43543,0.29618165,0.61599874
43544,0.76876354,0.4066263
43545,0.229841,0.9658462
43546,0.017235903,0.7930759
43547,0.053593352,0.82912487
43548,0.11275248,0.27318153
43549,0.0456382,0.08069397
43550,0.053326163,0.2218156
43551,0.32558522,0.714219
43552,0.73461163,0.8650522
43553,0.016839672,0.16272897
43554,0.011227735,0.7197976
43555,0.025592102,0.23665266
43556,0.6446522,0.9518628
43557,0.710595,0.9190426
43558,0.0056857155,0.07312464
43559,0.012872022,0.8516077
43560,0.1474443,0.91529685
43561,0.67027414,0.9190721
43562,0.059368853,0.43907744
43563,0.07404114,0.34859997
43564,0.010952327,0.097971074
43565,0.49233088,0.5891389
43566,0.69450635,0.8089895
43567,0.006796588,0.017935973
43568,0.068946,0.2364735
43569,0.6940132,0.8686261
43570,0.12852527,0.95695716
43571,0.0060962155,0.017994154
43572,0.016386969,0.06527498
43573,0.031692814,0.071045
43574,0.9234162,0.8995471
43575,0.057279076,0.4217351
43576,0.19537707,0.6068562
43577,0.018258017,0.14960119
43578,0.009950981,0.075458065
43579,0.039824624,0.7343302
43580,0.08602314,0.35334918
43581,0.80845743,0.84895635
43582,0.16530181,0.87261385
43583,0.030922163,0.020985749
43584,0.14361268,0.9439751
43585,0.042085487,0.08784636
43586,0.02365491,0.042414807
43587,0.029555244,0.65802336
43588,0.40469146,0.9606413
43589,0.1626046,0.6707054
43590,0.2753505,0.81626296
43591,0.07621959,0.08338226
43592,0.045251846,0.7654946
43593,0.15615168,0.035366137
43594,0.0023798246,0.10902372
43595,0.13286543,0.16173333
43596,0.06624946,0.055162776
43597,0.5187486,0.9100018
43598,0.16651797,0.088404216
43599,0.9162188,0.982359
43600,0.0016922276,0.011293163
43601,0.016692355,0.29743853
43602,0.08693793,0.20152366
43603,0.00090414734,0.019136926
43604,0.02164188,0.26028216
43605,0.010319792,0.019629316
43606,0.033855863,0.12764326
43607,0.025951385,0.31136054
43608,0.41938394,0.9050912
43609,0.95751435,0.9321122
43610,0.33144188,0.39382768
43611,0.7314779,0.97491914
43612,0.06738418,0.30973884
43613,0.4458912,0.36926866
43614,0.12053238,0.26147047
43615,0.6225537,0.4716612
43616,0.10215665,0.27175647
43617,0.19007517,0.73777336
43618,0.0013959636,0.024364648
43619,0.71314734,0.5950251
43620,0.62157416,0.07008834
43621,0.003621247,0.1104713
43622,0.52301097,0.629894
43623,0.07382601,0.27778745
43624,0.028215379,0.07011798
43625,0.55078036,0.6751423
43626,0.004192231,0.08226379
43627,0.018950703,0.056934766
43628,0.075078964,0.072090976
43629,0.0090396255,0.04543847
43630,0.0770318,0.1828898
43631,0.12003032,0.12682143
43632,0.14864124,0.8755723
43633,0.52341163,0.15410744
43634,0.015109958,0.20835195
43635,0.92556167,0.966737
43636,0.51518905,0.19321005
43637,0.12544465,0.6399195
43638,0.20722553,0.28891653
43639,0.09133832,0.12328768
43640,0.27916744,0.5621474
43641,0.026365774,0.69128704
43642,0.029766846,0.20454696
43643,0.0036800648,0.28394175
43644,0.17249054,0.41617334
43645,0.085248776,0.9515247
43646,0.010443554,0.23294134
43647,0.093336366,0.3646583
43648,0.15328436,0.17926428
43649,0.80680126,0.3279332
43650,0.049548328,0.6367351
43651,0.77152216,0.9770538
43652,0.018640297,0.8555292
43653,0.8922711,0.9255826
43654,0.28290096,0.54814714
43655,0.00458945,0.57546425
43656,0.55908424,0.5068747
43657,0.16588077,0.14483234
43658,0.004888395,0.8129964
43659,0.020001587,0.8082429
43660,0.19355871,0.2894494
43661,0.6445344,0.9101018
43662,0.7337988,0.9411639
43663,0.061177406,0.8892052
43664,0.22421736,0.7807763
43665,0.01191637,0.2929212
43666,0.002881018,0.035554606
43667,0.0050983354,0.48278448
43668,0.5028574,0.49025917
43669,0.023450762,0.038092278
43670,0.12537105,0.3691616
43671,0.027993478,0.6585365
43672,0.10405352,0.073658146
43673,0.20689559,0.9262427
43674,0.06593988,0.48964682
43675,0.048164755,0.02012356
43676,0.08488941,0.19070147
43677,0.0056101084,0.012799825
43678,0.056951873,0.17447594
43679,0.0073672584,0.041348856
43680,0.004639388,0.4902292
43681,0.049030088,0.9380031
43682,0.01597556,0.13168992
43683,0.030137515,0.793169
43684,0.8646955,0.83253765
43685,0.055595804,0.032949172
43686,0.6234041,0.79206294
43687,0.072587326,0.19410202
43688,0.20354415,0.58367425
43689,0.005592271,0.022433367
43690,0.1738196,0.920665
43691,0.062424283,0.72671694
43692,0.012185842,0.8599138
43693,0.94950336,0.75835836
43694,0.01155968,0.111086816
43695,0.8609973,0.9604467
43696,0.06792671,0.25073054
43697,0.11615671,0.48669794
43698,0.057763904,0.08804072
43699,0.066407435,0.07894015
43700,0.12779777,0.8127127
43701,0.51237243,0.66621786
43702,0.06048687,0.05997738
43703,0.048978887,0.3743949
43704,0.011399579,0.06487316
43705,0.111697614,0.8409381
43706,0.18593165,0.46406537
43707,0.033670306,0.5653628
43708,0.6001699,0.7176829
43709,0.032179397,0.95794815
43710,0.010833752,0.9430992
43711,0.04323807,0.8922939
43712,0.7712817,0.89192027
43713,0.022434432,0.089695975
43714,0.20935233,0.7325819
43715,0.090520956,0.6414015
43716,0.029134123,0.6179802
43717,0.06101465,0.037020046
43718,0.020063369,0.018415822
43719,0.014397729,0.62135774
43720,0.021821633,0.5800504
43721,0.7893041,0.6864774
43722,0.49372193,0.83229417
43723,0.6601178,0.50849265
43724,0.0021763814,0.04709282
43725,0.061087217,0.12204179
43726,0.33438903,0.6984523
43727,0.22778198,0.06366837
43728,0.021049881,0.42317814
43729,0.96717685,0.77336645
43730,0.112253584,0.6210319
43731,0.84339964,0.3401802
43732,0.0036201458,0.4462264
43733,0.006088899,0.33769327
43734,0.083583236,0.40248632
43735,0.0054755574,0.7378104
43736,0.064521514,0.94327706
43737,0.09600651,0.007954063
43738,0.8304628,0.95189285
43739,0.026127854,0.0789352
43740,0.329468,0.98897105
43741,0.008114079,0.89063907
43742,0.1965495,0.12672348
43743,0.4970518,0.8458239
43744,0.08343757,0.10849058
43745,0.8741487,0.89226556
43746,0.14825752,0.77208465
43747,0.704207,0.7460834
43748,0.081236154,0.35469034
43749,0.096167706,0.05682323
43750,0.21456963,0.08791333
43751,0.7058222,0.9573735
43752,0.2266836,0.25344273
43753,0.009185605,0.13295968
43754,0.5519836,0.68449134
43755,0.16961117,0.4017828
43756,0.008514865,0.2833846
43757,0.019681634,0.6389967
43758,0.013658737,0.21575637
43759,0.05272838,0.9336277
43760,0.1105278,0.4171404
43761,0.78811103,0.9401253
43762,0.015538496,0.019239748
43763,0.95320076,0.9505852
43764,0.02943571,0.78152776
43765,0.46262902,0.9688603
43766,0.0010147227,0.022780763
43767,0.14548121,0.44868186
43768,0.1312655,0.24389839
43769,0.07054484,0.16739586
43770,0.7213295,0.71416223
43771,0.90135854,0.9361871
43772,0.0052737114,0.030639576
43773,0.06316909,0.009737534
43774,0.085484676,0.8272359
43775,0.3265784,0.25729057
43776,0.11345944,0.6801714
43777,0.017636044,0.09009737
43778,0.14263014,0.43100235
43779,0.65193594,0.92065483
43780,0.01805252,0.7015935
43781,0.014970786,0.10975467
43782,0.25759864,0.8082664
43783,0.34826657,0.079592235
43784,0.025237164,0.06316947
43785,0.017272586,0.87785983
43786,0.9018059,0.9725758
43787,0.9766649,0.990117
43788,0.20791556,0.25057316
43789,0.09605372,0.37642598
43790,0.012304936,0.025380818
43791,0.028631179,0.09989042
43792,0.30800062,0.7207596
43793,0.0378954,0.016484054
43794,0.19020745,0.09520301
43795,0.017078785,0.166706
43796,0.8107416,0.95621264
43797,0.03944355,0.18858378
43798,0.1273311,0.7628152
43799,0.3617628,0.08837308
43800,0.026059065,0.14549862
43801,0.019665614,0.60269386
43802,0.06262848,0.20937113
43803,0.01649348,0.030491808
43804,0.41071543,0.71616787
43805,0.04926175,0.95759654
43806,0.05816536,0.45533562
43807,0.82220674,0.37415668
43808,0.032810163,0.072496384
43809,0.014708678,0.030518344
43810,0.045475442,0.092842124
43811,0.56414455,0.9346613
43812,0.059453025,0.023465417
43813,0.7565725,0.8530846
43814,0.045353666,0.7641575
43815,0.052363627,0.8429189
43816,0.30565763,0.7858861
43817,0.010152809,0.6742471
43818,0.052206397,0.8341312
43819,0.038447406,0.39423588
43820,0.3376274,0.86314404
43821,0.2764157,0.44583938
43822,0.4758218,0.7438615
43823,0.008091514,0.028383043
43824,0.28872132,0.531408
43825,0.005741968,0.96569055
43826,0.011143346,0.5831119
43827,0.018621754,0.17264825
43828,0.40770227,0.29645562
43829,0.006741068,0.015481494
43830,0.013411967,0.106255926
43831,0.0032894912,0.24787539
43832,0.06786862,0.94412935
43833,0.19035381,0.2315841
43834,0.014943393,0.060966004
43835,0.9556997,0.98673916
43836,0.018664086,0.68884146
43837,0.05933415,0.091001526
43838,0.18689139,0.6335489
43839,0.0021342826,0.27593163
43840,0.039825857,0.21361977
43841,0.060782004,0.4076237
43842,0.04275383,0.2591188
43843,0.26923785,0.06668285
43844,0.40785483,0.56203103
43845,0.003490554,0.96477294
43846,0.19119835,0.48987153
43847,0.021851268,0.91854453
43848,0.1425525,0.5311887
43849,0.06574676,0.012808691
43850,0.46705997,0.70957476
43851,0.010233228,0.22761525
43852,0.051458005,0.0878825
43853,0.03449029,0.736454
43854,0.047712725,0.84694403
43855,0.883274,0.93263125
43856,0.44659808,0.68421674
43857,0.024133498,0.9023722
43858,0.77708775,0.8440675
43859,0.04973404,0.1320902
43860,0.037927654,0.09993876
43861,0.16114153,0.13547496
43862,0.40905046,0.16595984
43863,0.0031353098,0.030305132
43864,0.056754768,0.20154971
43865,0.2841133,0.7898732
43866,0.03126202,0.41396657
43867,0.007331664,0.37468442
43868,0.015992157,0.61522233
43869,0.76320386,0.9404287
43870,0.09674093,0.26920268
43871,0.036710165,0.2276602
43872,0.008842865,0.6386307
43873,0.01658571,0.2684999
43874,0.0210739,0.7465482
43875,0.32548225,0.90617406
43876,0.35226098,0.54738164
43877,0.014345038,0.8158623
43878,0.14689673,0.7902671
43879,0.6598641,0.63361377
43880,0.046836294,0.8296789
43881,0.56175596,0.758823
43882,0.07519245,0.23090056
43883,0.011790725,0.012622982
43884,0.3761113,0.8410303
43885,0.039799005,0.039455175
43886,0.032697905,0.016275866
43887,0.038323075,0.9620156
43888,0.030011559,0.08714318
43889,0.8855507,0.9954834
43890,0.8135045,0.9295221
43891,0.07725945,0.37325543
43892,0.4422219,0.8755777
43893,0.9256396,0.33320168
43894,0.043821156,0.3203211
43895,0.37303686,0.8060976
43896,0.18390922,0.76020527
43897,0.17324251,0.4428468
43898,0.09356244,0.12727837
43899,0.034446783,0.1280745
43900,0.048463363,0.2586063
43901,0.005881166,0.11687442
43902,0.03623778,0.043798503
43903,0.30167428,0.8879641
43904,0.20410344,0.7319662
43905,0.7717187,0.73763716
43906,0.16041113,0.93646497
43907,0.017849416,0.41073465
43908,0.021093205,0.12840095
43909,0.026131047,0.14203763
43910,0.2438411,0.37436822
43911,0.029520363,0.14407621
43912,0.14866915,0.5040381
43913,0.17853972,0.14001375
43914,0.036364798,0.19087479
43915,0.81355447,0.9084836
43916,0.0037419528,0.04662035
43917,0.28457364,0.7510958
43918,0.044165064,0.1447475
43919,0.05052212,0.5119887
43920,0.017570445,0.15938699
43921,0.071547285,0.22673717
43922,0.019408133,0.3655029
43923,0.8358609,0.708528
43924,0.06802801,0.28834918
43925,0.2139777,0.2674597
43926,0.078504995,0.26186666
43927,0.21984583,0.8386719
43928,0.043885626,0.16816105
43929,0.08574721,0.50559896
43930,0.008875214,0.03426659
43931,0.1721861,0.23113494
43932,0.7678538,0.9082723
43933,0.04364696,0.8276495
43934,0.24155094,0.69902766
43935,0.66088647,0.3588715
43936,0.12373358,0.686817
43937,0.03557444,0.8954025
43938,0.068733975,0.14243573
43939,0.060597282,0.73017365
43940,0.77545524,0.95686156
43941,0.18232286,0.40446627
43942,0.008771319,0.18679132
43943,0.050923947,0.17093468
43944,0.0072809113,0.051355008
43945,0.0040700603,0.15410648
43946,0.00796857,0.21639593
43947,0.23593551,0.88352185
43948,0.021279702,0.7803931
43949,0.15231436,0.18772192
43950,0.16397896,0.2979134
43951,0.07792629,0.14637512
43952,0.88705814,0.9880713
43953,0.93967307,0.91482514
43954,0.033163443,0.121013284
43955,0.08616842,0.47337797
43956,0.9591249,0.6849512
43957,0.07817987,0.20287974
43958,0.0041450546,0.18603286
43959,0.9648726,0.4186542
43960,0.02673965,0.07269409
43961,0.7217326,0.14194632
43962,0.05779007,0.9733555
43963,0.24796176,0.29889616
43964,0.0044914433,0.46590814
43965,0.09234443,0.043813802
43966,0.1620147,0.3257426
43967,0.0034968874,0.1687708
43968,0.1432023,0.36669195
43969,0.07049322,0.85850114
43970,0.01528547,0.12298448
43971,0.12581414,0.19614252
43972,0.008270745,0.016557531
43973,0.019661376,0.28181013
43974,0.058842357,0.81433153
43975,0.6291421,0.70166576
43976,0.09528316,0.97133744
43977,0.0045363703,0.93459535
43978,0.020567399,0.27963778
43979,0.025961287,0.17787616
43980,0.04058589,0.04198769
43981,0.5812133,0.94594747
43982,0.11228604,0.9501196
43983,0.10197104,0.17822352
43984,0.02006884,0.55617326
43985,0.06064366,0.14089543
43986,0.29459697,0.928617
43987,0.18845443,0.5826515
43988,0.18781424,0.8954758
43989,0.035452172,0.8667463
43990,0.04296161,0.17573512
43991,0.058046408,0.770168
43992,0.0014809804,0.105978504
43993,0.7944999,0.8986655
43994,0.004418328,0.8218381
43995,0.017094715,0.025951577
43996,0.13956095,0.94334406
43997,0.32601705,0.7425509
43998,0.66060734,0.9928965
43999,0.14106181,0.5046421
44000,0.6508657,0.9240032
44001,0.98065096,0.9936702
44002,0.39947134,0.16194808
44003,0.012843431,0.86623746
44004,0.022488032,0.025147902
44005,0.011432606,0.13959533
44006,0.015210961,0.84372264
44007,0.018235473,0.7768219
44008,0.054514647,0.28304887
44009,0.0027755548,0.66691333
44010,0.06805883,0.9890555
44011,0.0065848073,0.014392031
44012,0.19372559,0.5860253
44013,0.09625094,0.49577758
44014,0.0121241445,0.7234282
44015,0.18682076,0.4408734
44016,0.044958495,0.03411155
44017,0.02885613,0.43657482
44018,0.012453682,0.03978183
44019,0.63240963,0.9181648
44020,0.08000514,0.36705574
44021,0.7755269,0.8857274
44022,0.006158885,0.004123841
44023,0.05186218,0.06568724
44024,0.038584795,0.13627228
44025,0.055065125,0.04202463
44026,0.2336165,0.9415917
44027,0.17182216,0.94516766
44028,0.9339537,0.97643
44029,0.121097095,0.7210877
44030,0.0122543415,0.20276771
44031,0.5467781,0.73659104
44032,0.06568079,0.13100825
44033,0.017130893,0.5320312
44034,0.0046727145,0.742684
44035,0.25908503,0.32739124
44036,0.049336642,0.72102654
44037,0.15063451,0.7828562
44038,0.0069686314,0.07385572
44039,0.059705205,0.17041951
44040,0.9272188,0.9763999
44041,0.015556817,0.8295391
44042,0.19747154,0.8211
44043,0.13755536,0.9352795
44044,0.0089107985,0.1417413
44045,0.5726986,0.49405527
44046,0.11965798,0.72988445
44047,0.2830772,0.9124475
44048,0.9748434,0.9750676
44049,0.14109248,0.8429262
44050,0.017916363,0.9054898
44051,0.9298306,0.98696566
44052,0.043176774,0.46996918
44053,0.01395512,0.028422033
44054,0.053966817,0.05815699
44055,0.4832966,0.58684707
44056,0.056550395,0.9457414
44057,0.20603593,0.8305728
44058,0.06201279,0.1209053
44059,0.5053258,0.44771928
44060,0.67844856,0.92047983
44061,0.016822249,0.074733384
44062,0.0036351075,0.18031882
44063,0.29116267,0.15109387
44064,0.20875011,0.07186739
44065,0.02806496,0.064012945
44066,0.008972323,0.2967888
44067,0.045285758,0.40162808
44068,0.61116564,0.5025889
44069,0.003982181,0.0063785817
44070,0.96084297,0.9244072
44071,0.10131818,0.14848149
44072,0.39819676,0.15230992
44073,0.0032707618,0.055145122
44074,0.9468237,0.9501558
44075,0.20760436,0.8843597
44076,0.010099483,0.013577782
44077,0.03621528,0.06842042
44078,0.0010058441,0.04169475
44079,0.70899767,0.9228194
44080,0.97231954,0.9604688
44081,0.989174,0.9672591
44082,0.0225477,0.9546107
44083,0.6704825,0.78742975
44084,0.30832455,0.11525023
44085,0.10272933,0.047834367
44086,0.24931505,0.22577076
44087,0.02909252,0.032479286
44088,0.10288764,0.17506838
44089,0.24104264,0.12537508
44090,0.36680138,0.9467816
44091,0.000769087,0.031216992
44092,0.03285273,0.8605373
44093,0.059932176,0.6454726
44094,0.029678576,0.04616168
44095,0.050223913,0.7562054
44096,0.0030065877,0.10776025
44097,0.86111546,0.9362029
44098,0.03164009,0.8049193
44099,0.86839294,0.93351835
44100,0.042251766,0.60917795
44101,0.017387725,0.9358794
44102,0.59369665,0.811957
44103,0.034093767,0.15983711
44104,0.03037896,0.08152483
44105,0.008907455,0.08597421
44106,0.08678679,0.7198532
44107,0.38594916,0.561024
44108,0.2730477,0.26340467
44109,0.009797231,0.050475474
44110,0.012976132,0.13577113
44111,0.022878869,0.16367513
44112,0.17320882,0.049301863
44113,0.07039741,0.6913009
44114,0.7867237,0.78147835
44115,0.07020301,0.22152957
44116,0.05730479,0.017467467
44117,0.00091384794,0.23323984
44118,0.14262712,0.09411672
44119,0.085359596,0.24624068
44120,0.56538576,0.354488
44121,0.10345122,0.62577915
44122,0.054213922,0.3122783
44123,0.73671126,0.8460025
44124,0.054701786,0.38305146
44125,0.106017075,0.02841678
44126,0.051062897,0.088641666
44127,0.0473006,0.31330532
44128,0.41794127,0.9109278
44129,0.02044153,0.10442683
44130,0.046368286,0.18394594
44131,0.22828758,0.18200852
44132,0.015804753,0.03327684
44133,0.07629404,0.7631233
44134,0.008535436,0.20291448
44135,0.13687027,0.86361706
44136,0.51289165,0.10811569
44137,0.1929074,0.6894897
44138,0.109910294,0.9143955
44139,0.011120539,0.18519706
44140,0.06247773,0.5844764
44141,0.18057512,0.5136571
44142,0.021203449,0.604591
44143,0.35950103,0.8811613
44144,0.06315074,0.09259869
44145,0.9182417,0.9647724
44146,0.14160572,0.22893728
44147,0.105684265,0.20188415
44148,0.02099078,0.27318576
44149,0.014690432,0.07718417
44150,0.20214015,0.8502102
44151,0.09306537,0.3941924
44152,0.050758664,0.50681305
44153,0.023483628,0.20805141
44154,0.4593266,0.1079668
44155,0.05896479,0.057437003
44156,0.012311787,0.06285507
44157,0.10287761,0.008698246
44158,0.039875437,0.080223456
44159,0.067496255,0.080129646
44160,0.011544201,0.3236237
44161,0.012994099,0.9511145
44162,0.18290053,0.8663535
44163,0.012597138,0.00734607
44164,0.98683363,0.95840853
44165,0.16999424,0.5110578
44166,0.0011284095,0.012403629
44167,0.27161682,0.7210981
44168,0.54753315,0.2663605
44169,0.023781782,0.056487147
44170,0.14208983,0.47806388
44171,0.40662143,0.06983136
44172,0.024498234,0.18952969
44173,0.18432312,0.022132399
44174,0.46006873,0.43145448
44175,0.010214236,0.016015608
44176,0.033020012,0.4431384
44177,0.20004949,0.8595921
44178,0.021570288,0.016518956
44179,0.7981583,0.8619457
44180,0.03215304,0.82677084
44181,0.0709399,0.52732056
44182,0.10079803,0.5464094
44183,0.8507484,0.723329
44184,0.15277205,0.2607038
44185,0.8831324,0.5873732
44186,0.27559364,0.5171009
44187,0.5046515,0.63234925
44188,0.00080589316,0.0021122019
44189,0.031732738,0.1535744
44190,0.13622433,0.031271372
44191,0.006490415,0.21919312
44192,0.003149223,0.18725821
44193,0.013558712,0.081239305
44194,0.005118501,0.18621416
44195,0.007968766,0.35799256
44196,0.1657491,0.56336445
44197,0.07727618,0.07239099
44198,0.03184982,0.88241905
44199,0.5355782,0.8411658
44200,0.1449102,0.27975473
44201,0.006075296,0.27479857
44202,0.015576772,0.16817825
44203,0.03354726,0.0315555
44204,0.027739014,0.039717246
44205,0.0956361,0.56607985
44206,0.19963765,0.9255286
44207,0.0041357214,0.047877632
44208,0.55531055,0.21508762
44209,0.055525113,0.15496482
44210,0.0072272914,0.37060857
44211,0.86711395,0.5186568
44212,0.23078723,0.8717988
44213,0.3931619,0.7336832
44214,0.014699903,0.69226915
44215,0.11142378,0.81262994
44216,0.03203643,0.50498587
44217,0.084922306,0.6395267
44218,0.010044907,0.34015843
44219,0.002942628,0.031259883
44220,0.08112567,0.79872084
44221,0.0342806,0.9725437
44222,0.007251935,0.48386842
44223,0.043922894,0.03361854
44224,0.0071429717,0.14645758
44225,0.014203104,0.14212123
44226,0.19710542,0.19408226
44227,0.0028095385,0.01479565
44228,0.33052063,0.63625544
44229,0.5781424,0.8210366
44230,0.068027996,0.8632875
44231,0.001793273,0.15140021
44232,0.025277853,0.049293984
44233,0.5512134,0.6499546
44234,0.05505729,0.86927843
44235,0.016999353,0.8947859
44236,0.34386387,0.73934704
44237,0.4528198,0.5955413
44238,0.010279958,0.8266687
44239,0.011560982,0.13261932
44240,0.0327925,0.19451039
44241,0.96357465,0.77153045
44242,0.667213,0.3715419
44243,0.007771085,0.0472735
44244,0.045001615,0.18595931
44245,0.008834957,0.059117455
44246,0.17942463,0.91386133
44247,0.00060666027,0.014319932
44248,0.05588515,0.88103765
44249,0.7966266,0.82523865
44250,0.03383094,0.35840786
44251,0.012250308,0.12370459
44252,0.02159538,0.89641875
44253,0.028290117,0.91366285
44254,0.014320772,0.07740376
44255,0.017442305,0.08423419
44256,0.64092773,0.7964368
44257,0.43488535,0.6454122
44258,0.42016357,0.85933346
44259,0.06823051,0.91455084
44260,0.22796206,0.13106802
44261,0.029670326,0.07349013
44262,0.19707355,0.6046106
44263,0.40978917,0.95727843
44264,0.5977898,0.9095378
44265,0.03167832,0.23124532
44266,0.4110515,0.4216892
44267,0.014796254,0.46640515
44268,0.40513012,0.32533357
44269,0.035417147,0.047802113
44270,0.43525586,0.17070983
44271,0.46416813,0.7738182
44272,0.46335,0.6309536
44273,0.036732458,0.33489633
44274,0.037921887,0.56619877
44275,0.0067789815,0.033395097
44276,0.68893373,0.94764364
44277,0.124039255,0.63957536
44278,0.8467832,0.68202573
44279,0.014943569,0.036262352
44280,0.23099864,0.49969512
44281,0.010511788,0.13134345
44282,0.0071189506,0.06400377
44283,0.04927218,0.4299501
44284,0.09657019,0.6545554
44285,0.014666183,0.3652656
44286,0.06890593,0.48636693
44287,0.025331,0.23861441
44288,0.033314206,0.07380678
44289,0.13396227,0.8443371
44290,0.16032527,0.28455782
44291,0.009742717,0.1679101
44292,0.016791897,0.89981633
44293,0.03905087,0.22081348
44294,0.25157252,0.094113536
44295,0.035814643,0.2536692
44296,0.0061737415,0.92286026
44297,0.19679655,0.8978763
44298,0.0086714225,0.36748868
44299,0.056171693,0.39612338
44300,0.011324837,0.2282137
44301,0.8674526,0.29516867
44302,0.4548164,0.4055393
44303,0.23625366,0.91216415
44304,0.7462253,0.93549144
44305,0.05749573,0.033182424
44306,0.3628972,0.9648386
44307,0.018779729,0.04372233
44308,0.22981037,0.3731047
44309,0.020119088,0.1524986
44310,0.06346612,0.20955275
44311,0.1046932,0.6591064
44312,0.09458636,0.62340885
44313,0.030062336,0.09480638
44314,0.07739927,0.9561122
44315,0.15669504,0.90518177
44316,0.06231115,0.32867625
44317,0.03697953,0.059290335
44318,0.3089742,0.6610735
44319,0.09045666,0.9496652
44320,0.0025873173,0.27715433
44321,0.60168827,0.50416166
44322,0.30601403,0.91267425
44323,0.011107259,0.021511653
44324,0.008211868,0.0023010713
44325,0.010444308,0.9527724
44326,0.88619167,0.93904316
44327,0.019539682,0.4270208
44328,0.01766532,0.11084086
44329,0.024628902,0.06599355
44330,0.322794,0.9480052
44331,0.045564372,0.97872937
44332,0.20636937,0.4416756
44333,0.20230731,0.6035828
44334,0.46595466,0.73422927
44335,0.058908366,0.7886975
44336,0.059548117,0.5785912
44337,0.035607755,0.96489525
44338,0.028469086,0.060280006
44339,0.0068187052,0.17119862
44340,0.009228796,0.099435285
44341,0.081681475,0.8113266
44342,0.28965724,0.2787075
44343,0.124562666,0.42308956
44344,0.018162463,0.961675
44345,0.06599556,0.74419045
44346,0.19351885,0.023492616
44347,0.5399743,0.30058402
44348,0.28164393,0.8066668
44349,0.11460799,0.7809422
44350,0.012647045,0.8630406
44351,0.029638568,0.7254013
44352,0.07748152,0.36076942
44353,0.29297936,0.84952164
44354,0.95020455,0.851949
44355,0.1472923,0.36393273
44356,0.24664356,0.08823917
44357,0.0036334826,0.21127602
44358,0.20006232,0.9190217
44359,0.015033815,0.008567345
44360,0.08204559,0.598879
44361,0.005447918,0.17435937
44362,0.0726621,0.22955339
44363,0.08925103,0.90183157
44364,0.6766329,0.5072111
44365,0.014982455,0.08440848
44366,0.8883027,0.9699046
44367,0.082536034,0.16158013
44368,0.08732097,0.12781091
44369,0.123012714,0.045935303
44370,0.090152755,0.32867718
44371,0.70967484,0.28086925
44372,0.89288527,0.9641041
44373,0.030595073,0.050078735
44374,0.5861057,0.59004134
44375,0.16441779,0.1338419
44376,0.08027426,0.68419635
44377,0.012644508,0.010320811
44378,0.9806786,0.8741048
44379,0.22383913,0.2558741
44380,0.1770075,0.66604346
44381,0.7655884,0.8536437
44382,0.123030946,0.13821
44383,0.72266805,0.90355897
44384,0.13447136,0.13346604
44385,0.05013174,0.029244205
44386,0.5794043,0.18012008
44387,0.04691367,0.5290837
44388,0.16994257,0.26475963
44389,0.13057718,0.7608049
44390,0.08969139,0.1289686
44391,0.0025707006,0.14928502
44392,0.4758198,0.80336887
44393,0.013042231,0.04987338
44394,0.30802053,0.7686545
44395,0.004174865,0.29154703
44396,0.017191995,0.057921913
44397,0.11412223,0.8175251
44398,0.2147956,0.94925404
44399,0.13941367,0.024120409
44400,0.28714642,0.37684247
44401,0.8293289,0.7850897
44402,0.05031894,0.9078135
44403,0.062054105,0.064588696
44404,0.5608873,0.75090414
44405,0.03569368,0.6249863
44406,0.033422075,0.37813908
44407,0.6623626,0.33265376
44408,0.10068177,0.07947714
44409,0.36216545,0.07786256
44410,0.0049971654,0.22253291
44411,0.03821128,0.20558557
44412,0.029738087,0.57276857
44413,0.8129088,0.91170317
44414,0.28348133,0.7667344
44415,0.14440103,0.32515344
44416,0.6326723,0.49763906
44417,0.029011063,0.6012356
44418,0.15231425,0.34514862
44419,0.93164057,0.9292792
44420,0.040213365,0.79614043
44421,0.63301027,0.093479164
44422,0.014139846,0.51209533
44423,0.09315943,0.703449
44424,0.9196697,0.905474
44425,0.034201417,0.25300094
44426,0.033631492,0.526272
44427,0.40014938,0.62905663
44428,0.7816677,0.8960975
44429,0.044097826,0.50491464
44430,0.024868865,0.59513134
44431,0.044622067,0.32469988
44432,0.097381264,0.5941026
44433,0.18151775,0.7100483
44434,0.44132373,0.6427525
44435,0.052965853,0.20678608
44436,0.71008915,0.9690151
44437,0.20280437,0.10171352
44438,0.0022816707,0.004719043
44439,0.019150158,0.19882746
44440,0.057290405,0.1485733
44441,0.10345346,0.09472305
44442,0.06711189,0.04648437
44443,0.039284512,0.08571081
44444,0.170048,0.835813
44445,0.013519252,0.13599978
44446,0.21237537,0.061788023
44447,0.012881283,0.3570723
44448,0.97822285,0.99451196
44449,0.028903138,0.06437476
44450,0.17711358,0.98967594
44451,0.66443706,0.8922461
44452,0.03135935,0.049307127
44453,0.009361509,0.01490932
44454,0.05633206,0.3011571
44455,0.8749614,0.7177826
44456,0.0017692238,0.014144407
44457,0.09669358,0.07444667
44458,0.039258804,0.19427642
44459,0.09350803,0.12044448
44460,0.017178142,0.08082753
44461,0.00872333,0.7744056
44462,0.016933963,0.037360057
44463,0.044305414,0.8801683
44464,0.8730872,0.9415823
44465,0.105152614,0.48211798
44466,0.03195562,0.46968815
44467,0.5732832,0.8252034
44468,0.025995981,0.034888625
44469,0.06819553,0.28071535
44470,0.14030309,0.47184098
44471,0.82961416,0.883489
44472,0.024498519,0.57936925
44473,0.63716525,0.9774344
44474,0.02759024,0.06858238
44475,0.10096135,0.3442913
44476,0.016346045,0.027700782
44477,0.9600166,0.9548404
44478,0.07631068,0.92704505
44479,0.33100846,0.79012537
44480,0.04154233,0.7884811
44481,0.911687,0.76445067
44482,0.7791486,0.5628886
44483,0.9132927,0.903305
44484,0.042542778,0.14196123
44485,0.0066145905,0.8508732
44486,0.12874271,0.9517529
44487,0.053738207,0.097775996
44488,0.68886524,0.96415895
44489,0.008930229,0.1842337
44490,0.01855249,0.4230515
44491,0.9898929,0.99216896
44492,0.045101304,0.064107746
44493,0.10356196,0.08886267
44494,0.93951887,0.9668406
44495,0.6325126,0.98491746
44496,0.03473003,0.07626891
44497,0.10015529,0.023707084
44498,0.6292665,0.8430593
44499,0.7907329,0.8154143
44500,0.006128698,0.14824176
44501,0.34008697,0.608036
44502,0.88863754,0.98226434
44503,0.014682607,0.19588836
44504,0.49364185,0.74284697
44505,0.033577304,0.55292696
44506,0.5095897,0.35037377
44507,0.0013818088,0.048714876
44508,0.105858706,0.5846186
44509,0.6240448,0.7663051
44510,0.06435444,0.82554144
44511,0.06780709,0.90041876
44512,0.07436497,0.69549656
44513,0.031807523,0.50277054
44514,0.009511329,0.15158099
44515,0.005473304,0.067576155
44516,0.11847503,0.012230585
44517,0.018955067,0.15726836
44518,0.91934556,0.9931445
44519,0.110453226,0.8222721
44520,0.3644054,0.39609218
44521,0.040598005,0.2658801
44522,0.118764654,0.46942586
44523,0.020655898,0.061010286
44524,0.09040832,0.5392449
44525,0.09359156,0.19762054
44526,0.2588648,0.84702784
44527,0.03076481,0.949421
44528,0.034782756,0.6873905
44529,0.24077037,0.87787086
44530,0.17119013,0.882007
44531,0.099841885,0.5099942
44532,0.33687156,0.82735544
44533,0.01028367,0.015349363
44534,0.026450286,0.8084375
44535,0.037341822,0.94826883
44536,0.015280145,0.6824152
44537,0.008044854,0.35433435
44538,0.5781382,0.7813019
44539,0.2503156,0.9576838
44540,0.37509003,0.7615087
44541,0.023082264,0.09416806
44542,0.5339871,0.80900013
44543,0.0054493602,0.046571128
44544,0.5918108,0.93650794
44545,0.69019866,0.28482637
44546,0.038282875,0.8474845
44547,0.40188488,0.20835207
44548,0.038156323,0.057671346
44549,0.022450328,0.4149922
44550,0.109503835,0.21309896
44551,0.07114435,0.38185576
44552,0.19210196,0.6753948
44553,0.15883665,0.048097756
44554,0.16587014,0.54522383
44555,0.59167653,0.6973122
44556,0.05710822,0.2585737
44557,0.09294488,0.08320188
44558,0.011394304,0.031031886
44559,0.011934507,0.17240903
44560,0.002845946,0.012296113
44561,0.008410711,0.24478072
44562,0.031815544,0.10663843
44563,0.08871332,0.85364133
44564,0.13354635,0.33581755
44565,0.16335367,0.10041533
44566,0.2388748,0.29779628
44567,0.92333,0.4702579
44568,0.017571261,0.29925248
44569,0.06610983,0.20489828
44570,0.27371702,0.55203927
44571,0.049967814,0.4174284
44572,0.13784672,0.012320755
44573,0.325058,0.51830256
44574,0.04305769,0.07704916
44575,0.033900272,0.9334624
44576,0.012839592,0.03194193
44577,0.006997491,0.08818069
44578,0.8142751,0.9910329
44579,0.057062466,0.04000044
44580,0.005219544,0.9470287
44581,0.018338313,0.1668291
44582,0.34801456,0.95336306
44583,0.06970415,0.12534827
44584,0.16589674,0.6792618
44585,0.04169478,0.51602703
44586,0.65669197,0.30538878
44587,0.024412015,0.9160284
44588,0.013535217,0.2431087
44589,0.22303921,0.45537373
44590,0.04066662,0.21220508
44591,0.1438866,0.8339414
44592,0.03360513,0.0769271
44593,0.012758791,0.06520745
44594,0.02584275,0.68315136
44595,0.014414113,0.5946781
44596,0.07563526,0.12088424
44597,0.0786922,0.12544271
44598,0.43613753,0.6099568
44599,0.102651134,0.1550971
44600,0.06458027,0.8221393
44601,0.023364814,0.014632037
44602,0.17966484,0.93147534
44603,0.044321205,0.41622645
44604,0.059477273,0.113559656
44605,0.847897,0.89105135
44606,0.013387508,0.15264043
44607,0.5074453,0.90296084
44608,0.10504135,0.19660215
44609,0.19451937,0.72182626
44610,0.010676172,0.093815036
44611,0.00071464,0.002532613
44612,0.03481078,0.67311466
44613,0.09532212,0.19926737
44614,0.03836263,0.37505367
44615,0.013912547,0.32527584
44616,0.052987847,0.93724626
44617,0.0076125665,0.08565812
44618,0.21623588,0.724239
44619,0.25700378,0.8068404
44620,0.11729597,0.15765437
44621,0.19580522,0.22190706
44622,0.044750787,0.6516198
44623,0.03304647,0.553619
44624,0.9229401,0.8602339
44625,0.0189423,0.107404515
44626,0.89836806,0.9824166
44627,0.50938475,0.3727319
44628,0.0496,0.1512926
44629,0.004904535,0.012324556
44630,0.0055672475,0.60780156
44631,0.039169822,0.8526788
44632,0.876867,0.8935539
44633,0.8596764,0.994919
44634,0.046930134,0.21659414
44635,0.87152785,0.97463113
44636,0.15257949,0.50642174
44637,0.91197693,0.91383684
44638,0.36155716,0.7416388
44639,0.5825977,0.10391206
44640,0.0329975,0.053673208
44641,0.7294846,0.8579467
44642,0.016107416,0.058480814
44643,0.0007194723,0.048435695
44644,0.042813975,0.72060144
44645,0.845089,0.96033424
44646,0.007532904,0.038925394
44647,0.22973527,0.6051896
44648,0.008458415,0.34924674
44649,0.0045129987,0.34378543
44650,0.12107426,0.9572756
44651,0.0751962,0.3029699
44652,0.96929294,0.982534
44653,0.013825167,0.26149732
44654,0.32905543,0.9186108
44655,0.14734372,0.29635078
44656,0.39176497,0.9691975
44657,0.19389786,0.6104022
44658,0.05368824,0.13310494
44659,0.26606065,0.386778
44660,0.6718561,0.79743546
44661,0.04653824,0.30486822
44662,0.01059054,0.16768833
44663,0.02548631,0.10520962
44664,0.10168468,0.9672828
44665,0.03371169,0.07037083
44666,0.09977548,0.6503333
44667,0.24374236,0.8730169
44668,0.008229316,0.038355615
44669,0.0069911582,0.03186816
44670,0.24329875,0.5658326
44671,0.12334647,0.8883896
44672,0.03551399,0.8028085
44673,0.23271725,0.92518246
44674,0.042910732,0.7885277
44675,0.053329498,0.1698022
44676,0.010950427,0.0769281
44677,0.508063,0.4047315
44678,0.04833934,0.1844374
44679,0.019086799,0.8347313
44680,0.7739233,0.8771841
44681,0.33625418,0.4272895
44682,0.057331033,0.44347256
44683,0.1422126,0.08834579
44684,0.1974067,0.8474563
44685,0.6136549,0.3057202
44686,0.06875797,0.96493804
44687,0.070604146,0.029962584
44688,0.0707075,0.05064748
44689,0.022720082,0.0460265
44690,0.017421952,0.053905282
44691,0.1457163,0.6449011
44692,0.16899976,0.94926584
44693,0.9672163,0.98000425
44694,0.18372518,0.9776228
44695,0.12080594,0.3387779
44696,0.040636998,0.6756704
44697,0.13637851,0.02599594
44698,0.027855983,0.7620558
44699,0.9555694,0.94409907
44700,0.054599643,0.2994189
44701,0.1589124,0.16238862
44702,0.059044354,0.27496126
44703,0.05355671,0.37786835
44704,0.08304699,0.19177185
44705,0.9125259,0.960432
44706,0.041989285,0.06744552
44707,0.7219695,0.9123526
44708,0.00868086,0.03800892
44709,0.03599705,0.15229498
44710,0.027022444,0.64224607
44711,0.04341913,0.09035645
44712,0.25649872,0.9191507
44713,0.019773075,0.957746
44714,0.0017199403,0.37581423
44715,0.53314745,0.32907417
44716,0.0061765127,0.95194644
44717,0.018353287,0.4400655
44718,0.039501224,0.030810805
44719,0.024555407,0.044004858
44720,0.9340514,0.94403243
44721,0.017020019,0.23200412
44722,0.06419298,0.9481994
44723,0.042352084,0.15454066
44724,0.63360244,0.96178323
44725,0.35549977,0.6204823
44726,0.2038232,0.93624496
44727,0.049284566,0.40708154
44728,0.37114725,0.9731637
44729,0.68213135,0.9852571
44730,0.054198544,0.078619994
44731,0.16008621,0.56511
44732,0.091769874,0.0731423
44733,0.023381138,0.09724829
44734,0.0019872522,0.86079603
44735,0.98342395,0.9925954
44736,0.103350595,0.18730353
44737,0.1385522,0.93442774
44738,0.0067778574,0.0054655876
44739,0.032634877,0.652604
44740,0.4873122,0.8693531
44741,0.5545719,0.670977
44742,0.051257703,0.9121198
44743,0.0028959587,0.41438374
44744,0.025395837,0.3459137
44745,0.91276026,0.9791438
44746,0.01790774,0.2922951
44747,0.96961147,0.9261235
44748,0.11821585,0.65099645
44749,0.0064373612,0.16700801
44750,0.062221494,0.012975094
44751,0.0938646,0.6472986
44752,0.0208445,0.6668062
44753,0.0014652768,0.016481604
44754,0.62497497,0.3683481
44755,0.09435938,0.36706254
44756,0.40535587,0.72598535
44757,0.018769903,0.06353454
44758,0.055617012,0.24941303
44759,0.86073136,0.9199661
44760,0.06592869,0.77636504
44761,0.038539663,0.800252
44762,0.11494045,0.97555315
44763,0.5736612,0.608998
44764,0.0022881015,0.13388059
44765,0.05945532,0.8994524
44766,0.47298685,0.95815045
44767,0.74703,0.47359514
44768,0.39726087,0.9066749
44769,0.70269823,0.84948546
44770,0.032643143,0.27100727
44771,0.008613426,0.024035588
44772,0.027964333,0.07210806
44773,0.049042884,0.42258492
44774,0.053627014,0.87821954
44775,0.5868369,0.5371427
44776,0.02244867,0.389308
44777,0.17839581,0.6503272
44778,0.2950802,0.87010795
44779,0.00985648,0.19138259
44780,0.5717533,0.5760128
44781,0.18376057,0.39976355
44782,0.16039787,0.119066715
44783,0.099474825,0.878713
44784,0.006426294,0.051812623
44785,0.42319122,0.57824165
44786,0.8938932,0.38119778
44787,0.029723011,0.38985774
44788,0.476493,0.242002
44789,0.61018866,0.9246539
44790,0.02379845,0.93651515
44791,0.7383917,0.91726905
44792,0.0031763026,0.010630337
44793,0.008593705,0.17560223
44794,0.08870834,0.07558236
44795,0.19199093,0.30229548
44796,0.08701095,0.8397983
44797,0.8166188,0.6931966
44798,0.07353464,0.8590686
44799,0.890307,0.9416751
44800,0.03826706,0.78907657
44801,0.0067963726,0.042683642
44802,0.86125374,0.9428326
44803,0.020676525,0.77283007
44804,0.46713966,0.39553097
44805,0.060419343,0.11634298
44806,0.02576871,0.9667339
44807,0.052829884,0.94305915
44808,0.04376365,0.06920474
44809,0.011630181,0.28642076
44810,0.096862525,0.48588815
44811,0.15863822,0.6669905
44812,0.35167602,0.56390166
44813,0.93993205,0.95077413
44814,0.055256646,0.85539156
44815,0.008492279,0.062287755
44816,0.22853,0.9697711
44817,0.9393013,0.95270514
44818,0.9248381,0.9429831
44819,0.14016566,0.7639365
44820,0.37156627,0.60923004
44821,0.28938785,0.6095907
44822,0.017013907,0.5924846
44823,0.13405353,0.53864133
44824,0.019805064,0.59284025
44825,0.12687486,0.7505697
44826,0.13511166,0.9843113
44827,0.031473737,0.14234358
44828,0.076939024,0.9436148
44829,0.04541493,0.07915597
44830,0.121155374,0.96499515
44831,0.0023836745,0.00640387
44832,0.75842935,0.50586116
44833,0.92936444,0.501649
44834,0.09604389,0.5235766
44835,0.041811,0.1801787
44836,0.4163155,0.8137872
44837,0.020283092,0.90993696
44838,0.0547198,0.30439305
44839,0.015644839,0.03050036
44840,0.06391947,0.46629134
44841,0.05233493,0.60144174
44842,0.47572827,0.23067933
44843,0.0826191,0.6180228
44844,0.0073995115,0.39128897
44845,0.528957,0.98148215
44846,0.026603412,0.14708301
44847,0.016317748,0.020357126
44848,0.22525747,0.4995292
44849,0.035901956,0.6551688
44850,0.0034097442,0.018696686
44851,0.013631403,0.7696503
44852,0.15081863,0.5421528
44853,0.21103956,0.26999184
44854,0.047274772,0.06319414
44855,0.011391785,0.057439197
44856,0.06734763,0.3444875
44857,0.13190289,0.9126085
44858,0.0066775004,0.024846552
44859,0.27644244,0.108296916
44860,0.009017394,0.98409396
44861,0.0886246,0.1527197
44862,0.07101642,0.11810294
44863,0.4374625,0.51689166
44864,0.30739284,0.2549465
44865,0.0071766744,0.060688913
44866,0.0045486433,0.053246167
44867,0.79310995,0.37552428
44868,0.016850807,0.027421236
44869,0.71333027,0.23037788
44870,0.09917215,0.77692294
44871,0.38432884,0.20139445
44872,0.011837209,0.10509561
44873,0.1551861,0.12929726
44874,0.019621372,0.61390793
44875,0.099546544,0.2583891
44876,0.016187502,0.06577122
44877,0.082052216,0.79949945
44878,0.98692095,0.99188375
44879,0.035390265,0.85347414
44880,0.012799428,0.052840102
44881,0.24556711,0.1934843
44882,0.48322383,0.45442128
44883,0.9389881,0.45412207
44884,0.39622045,0.878204
44885,0.0110490015,0.06185371
44886,0.023592863,0.14716563
44887,0.07129466,0.4870333
44888,0.088106245,0.19306885
44889,0.24139479,0.12982446
44890,0.085838206,0.39002392
44891,0.045074943,0.3676733
44892,0.8866327,0.965765
44893,0.06587286,0.89465547
44894,0.045543805,0.10548244
44895,0.31553838,0.22514819
44896,0.038115673,0.15321232
44897,0.010652843,0.1724089
44898,0.77745694,0.6555577
44899,0.6396154,0.8213432
44900,0.05487375,0.49865407
44901,0.069691814,0.008155307
44902,0.0056827213,0.020987615
44903,0.012891194,0.11008005
44904,0.4486234,0.7202124
44905,0.09415141,0.69084454
44906,0.05305392,0.1935209
44907,0.9279318,0.99064344
44908,0.062968045,0.6446652
44909,0.013638227,0.04796778
44910,0.107420005,0.11446313
44911,0.108362846,0.57563764
44912,0.5025127,0.97632205
44913,0.032233406,0.03402522
44914,0.06177954,0.78846216
44915,0.15400329,0.7108179
44916,0.016523411,0.6276413
44917,0.0065191565,0.033406287
44918,0.342536,0.53603727
44919,0.015273008,0.85567516
44920,0.84638226,0.9498242
44921,0.043973185,0.9658969
44922,0.023100318,0.87809646
44923,0.016550211,0.90229064
44924,0.023653693,0.45154986
44925,0.17059645,0.75099593
44926,0.29264048,0.76169336
44927,0.46414074,0.7973606
44928,0.033174492,0.22060706
44929,0.033767212,0.24917004
44930,0.14216119,0.95078534
44931,0.68574053,0.90488404
44932,0.42956293,0.56348985
44933,0.02933838,0.80453205
44934,0.041757505,0.86427087
44935,0.86105376,0.9093726
44936,0.6118202,0.56670344
44937,0.017760357,0.39207792
44938,0.010329132,0.061147206
44939,0.4462436,0.2819713
44940,0.049220487,0.75065374
44941,0.15307562,0.3218698
44942,0.04086188,0.17333299
44943,0.63245404,0.8238255
44944,0.04761843,0.35405755
44945,0.027380945,0.89067405
44946,0.8504329,0.9789411
44947,0.009271311,0.3698352
44948,0.1350255,0.79920137
44949,0.014328705,0.14402503
44950,0.036471505,0.123973936
44951,0.50157136,0.84102577
44952,0.13533348,0.28907153
44953,0.047844857,0.6527846
44954,0.8409341,0.8018274
44955,0.22191037,0.28823578
44956,0.16840117,0.9726759
44957,0.089772835,0.40652636
44958,0.07445391,0.5974874
44959,0.09266641,0.30661848
44960,0.074228354,0.60503393
44961,0.6104176,0.8642478
44962,0.37782258,0.6270541
44963,0.18772098,0.87215924
44964,0.109515,0.4045138
44965,0.015776223,0.1384806
44966,0.6004758,0.054038677
44967,0.021639917,0.21624334
44968,0.029947592,0.7133341
44969,0.0021590558,0.27863976
44970,0.21582694,0.13001372
44971,0.0489097,0.36350456
44972,0.018746259,0.5142973
44973,0.25672337,0.48173347
44974,0.024437789,0.10694851
44975,0.65631324,0.7800744
44976,0.0121995155,0.097581394
44977,0.04680111,0.84372723
44978,0.0064662406,0.059715956
44979,0.54948956,0.033422414
44980,0.032564048,0.71618384
44981,0.9714807,0.96651053
44982,0.5797069,0.33996704
44983,0.957884,0.9271773
44984,0.09907429,0.67415017
44985,0.7469743,0.2871524
44986,0.17565016,0.58746886
44987,0.051049937,0.53410125
44988,0.15632352,0.93382794
44989,0.16194667,0.12146354
44990,0.0063434886,0.050907843
44991,0.90717214,0.97679853
44992,0.82211435,0.79983217
44993,0.10345512,0.80795664
44994,0.06836515,0.26776838
44995,0.06341341,0.20718999
44996,0.9176611,0.95098096
44997,0.003887644,0.22012052
44998,0.1537504,0.9789412
44999,0.065762244,0.33121705
45000,0.04909676,0.8124773
45001,0.002676812,0.060743377
45002,0.18117982,0.79862374
45003,0.30238646,0.9769949
45004,0.23081928,0.54383445
45005,0.021473592,0.2284026
45006,0.1939123,0.07501399
45007,0.2119525,0.8230095
45008,0.90600836,0.90407
45009,0.027389187,0.16318676
45010,0.09920515,0.97843015
45011,0.2370797,0.3530726
45012,0.13384688,0.16859908
45013,0.98343116,0.95916647
45014,0.9862629,0.99543047
45015,0.086874455,0.35868728
45016,0.37677684,0.5164357
45017,0.28838158,0.33085468
45018,0.34714854,0.6763094
45019,0.011245452,0.58956915
45020,0.8839878,0.8551932
45021,0.0540046,0.2898823
45022,0.008356956,0.34444916
45023,0.104515605,0.65509486
45024,0.12041792,0.36517045
45025,0.0126002515,0.10418193
45026,0.31014547,0.8670676
45027,0.8759609,0.78746855
45028,0.042325567,0.09686563
45029,0.19970603,0.9056495
45030,0.027033968,0.004721606
45031,0.6980859,0.95435524
45032,0.4091096,0.11789205
45033,0.15386687,0.07910622
45034,0.26959208,0.8380953
45035,0.11194876,0.10509202
45036,0.1505874,0.6849823
45037,0.21066691,0.1932655
45038,0.029191585,0.8222655
45039,0.042693812,0.20100732
45040,0.12837145,0.77159655
45041,0.099054776,0.97093225
45042,0.2897532,0.79393756
45043,0.025831452,0.5085955
45044,0.021325424,0.18646711
45045,0.0069143274,0.045799755
45046,0.024290757,0.2487015
45047,0.17308338,0.3788695
45048,0.14767188,0.124546714
45049,0.18586285,0.72922724
45050,0.0035765925,0.26044697
45051,0.11859626,0.28633106
45052,0.02692338,0.5454881
45053,0.27877048,0.41270247
45054,0.06027212,0.8131974
45055,0.010402339,0.03906345
45056,0.38765272,0.77767116
45057,0.97984207,0.9181892
45058,0.09494368,0.083895095
45059,0.017058993,0.036044706
45060,0.82992965,0.97741264
45061,0.15363742,0.5435759
45062,0.06489573,0.24946246
45063,0.016821042,0.91011155
45064,0.0025405213,0.032268304
45065,0.080997065,0.1628114
45066,0.02834276,0.8968543
45067,0.8339306,0.38051215
45068,0.06445603,0.9539698
45069,0.036673956,0.4485627
45070,0.5219499,0.26447132
45071,0.9752297,0.96666056
45072,0.92283976,0.94159555
45073,0.09377183,0.75052667
45074,0.0011410938,0.2124273
45075,0.026287938,0.094690494
45076,0.98196536,0.9965848
45077,0.012000333,0.06629639
45078,0.0071558203,0.043012988
45079,0.03553887,0.16143502
45080,0.017474761,0.11073202
45081,0.20861441,0.7071043
45082,0.54533863,0.7752269
45083,0.7063272,0.5624306
45084,0.02843369,0.91835576
45085,0.80763084,0.3171568
45086,0.42841557,0.2755994
45087,0.0026225483,0.007858201
45088,0.36063114,0.86895937
45089,0.012167545,0.06706743
45090,0.0076950644,0.014863978
45091,0.9894916,0.98637855
45092,0.13020188,0.6553795
45093,0.14315727,0.3833699
45094,0.096666045,0.34997994
45095,0.0075002983,0.059848793
45096,0.0027380225,0.081243664
45097,0.1723699,0.95543253
45098,0.03827066,0.06508134
45099,0.32066953,0.90878147
45100,0.0109970765,0.8429191
45101,0.015553568,0.021802548
45102,0.11526889,0.22462389
45103,0.0063240714,0.035158794
45104,0.0046584783,0.2540787
45105,0.15175666,0.4468558
45106,0.01745213,0.20992723
45107,0.0508297,0.0856275
45108,0.08075916,0.6950069
45109,0.66856694,0.9574076
45110,0.6303806,0.97852176
45111,0.25412306,0.5528211
45112,0.054346144,0.97586876
45113,0.08025566,0.23444636
45114,0.1698262,0.4894425
45115,0.023814192,0.06726514
45116,0.20616207,0.14043315
45117,0.0010097625,0.014361127
45118,0.08239112,0.41425267
45119,0.015963646,0.87485933
45120,0.3644491,0.93264663
45121,0.04028114,0.26035205
45122,0.3044652,0.28889173
45123,0.071650125,0.98172873
45124,0.05156838,0.06709936
45125,0.007391845,0.1377421
45126,0.009688472,0.040915783
45127,0.013854173,0.047255084
45128,0.13592815,0.8487153
45129,0.026284436,0.039329305
45130,0.017855853,0.9209029
45131,0.16983438,0.16283204
45132,0.05912959,0.9695292
45133,0.015021427,0.0835056
45134,0.001991172,0.026813043
45135,0.10066113,0.935005
45136,0.24170054,0.8919402
45137,0.0019606033,0.044353403
45138,0.004488474,0.100754805
45139,0.12770297,0.36767885
45140,0.036313117,0.70175487
45141,0.1735675,0.15657327
45142,0.057707183,0.17715941
45143,0.017393194,0.805786
45144,0.094032966,0.46729442
45145,0.008443227,0.019948706
45146,0.24462491,0.36696562
45147,0.09448089,0.11811677
45148,0.9427496,0.83554816
45149,0.090092935,0.5636527
45150,0.4316642,0.9499992
45151,0.98831916,0.9118079
45152,0.084235504,0.9830482
45153,0.12973964,0.02539366
45154,0.009383827,0.10430319
45155,0.005757071,0.2506195
45156,0.95411026,0.90252006
45157,0.9402127,0.94010115
45158,0.7244425,0.5912992
45159,0.025515981,0.017324409
45160,0.006109034,0.11453067
45161,0.26369056,0.6672181
45162,0.24072611,0.577244
45163,0.80686814,0.54464877
45164,0.59006387,0.7941003
45165,0.0020226345,0.049345955
45166,0.041725673,0.08471215
45167,0.08485713,0.27801734
45168,0.5239966,0.92001253
45169,0.026420655,0.95231503
45170,0.59824175,0.14367247
45171,0.0401073,0.9387692
45172,0.016817566,0.06821725
45173,0.13118733,0.93905646
45174,0.13434927,0.72363734
45175,0.06586408,0.28622118
45176,0.63737196,0.7045435
45177,0.029764177,0.36391726
45178,0.79023874,0.73926044
45179,0.016068943,0.2706772
45180,0.033688873,0.26754084
45181,0.026278656,0.37292242
45182,0.025603378,0.08756761
45183,0.010206087,0.2178661
45184,0.024765726,0.24985191
45185,0.08554277,0.10753969
45186,0.0036100654,0.19500348
45187,0.049021393,0.9221866
45188,0.17406535,0.92076576
45189,0.010422793,0.35158125
45190,0.0038487671,0.14954159
45191,0.030900797,0.90777695
45192,0.015629059,0.030997442
45193,0.28809005,0.22271359
45194,0.0064879684,0.053440973
45195,0.88907534,0.9795002
45196,0.09436782,0.72645044
45197,0.45161784,0.96034306
45198,0.37833992,0.4110024
45199,0.106606975,0.12102382
45200,0.0141914785,0.5702253
45201,0.093233444,0.33158147
45202,0.002026112,0.25309902
45203,0.015539439,0.17438392
45204,0.039604165,0.08603057
45205,0.13486831,0.58099115
45206,0.019577438,0.023008192
45207,0.00644155,0.0069300807
45208,0.41759995,0.16081293
45209,0.5374109,0.80258185
45210,0.37585378,0.96426445
45211,0.015642451,0.017442018
45212,0.7936652,0.87123746
45213,0.7929549,0.5459259
45214,0.08263088,0.56639683
45215,0.48015416,0.98614407
45216,0.6762647,0.66492856
45217,0.57644355,0.8311187
45218,0.08174155,0.851803
45219,0.0034669556,0.3250401
45220,0.9822734,0.97329336
45221,0.219781,0.65633
45222,0.03932299,0.9825362
45223,0.027230108,0.10711784
45224,0.015772602,0.18241154
45225,0.032296743,0.84831494
45226,0.012385429,0.10344402
45227,0.07430558,0.27794242
45228,0.0012872944,0.04266531
45229,0.08933167,0.5900706
45230,0.36042377,0.91308177
45231,0.17226137,0.85021627
45232,0.01774126,0.15766056
45233,0.11947606,0.7038867
45234,0.015682893,0.62523586
45235,0.002482194,0.016057992
45236,0.95474726,0.96200913
45237,0.010092335,0.03934507
45238,0.6211018,0.42034996
45239,0.008946465,0.030012796
45240,0.022690492,0.012548566
45241,0.8798443,0.84151965
45242,0.045923173,0.45363754
45243,0.025385259,0.6241451
45244,0.026907602,0.023379333
45245,0.5057175,0.7356911
45246,0.02822792,0.36874968
45247,0.1541276,0.15241349
45248,0.1771078,0.8834585
45249,0.014074621,0.22261035
45250,0.04089894,0.46076933
45251,0.0050479015,0.6811373
45252,0.9046252,0.9881458
45253,0.2986799,0.10950046
45254,0.40832156,0.7651001
45255,0.097368725,0.7178469
45256,0.015353413,0.38313082
45257,0.1446771,0.13560781
45258,0.8620412,0.8694579
45259,0.15871878,0.9546641
45260,0.050936647,0.30845788
45261,0.019552417,0.23507373
45262,0.37392074,0.93032527
45263,0.12638524,0.82867205
45264,0.0019850715,0.46280003
45265,0.52322495,0.36650798
45266,0.36310837,0.80126774
45267,0.022864653,0.8592596
45268,0.05166774,0.5925493
45269,0.06523922,0.71902615
45270,0.0021188254,0.45856428
45271,0.106314115,0.89561534
45272,0.018104687,0.27245665
45273,0.036275543,0.11952472
45274,0.16434486,0.16460985
45275,0.06726882,0.7582295
45276,0.0678326,0.40255073
45277,0.09471224,0.059939027
45278,0.013267843,0.099254385
45279,0.539238,0.82263154
45280,0.15163015,0.92791504
45281,0.124809496,0.9738454
45282,0.018085485,0.84346706
45283,0.05561134,0.17135882
45284,0.3624653,0.2177203
45285,0.08864093,0.29807958
45286,0.02221063,0.33988738
45287,0.030156253,0.08736512
45288,0.06263399,0.8140855
45289,0.7524742,0.3545584
45290,0.057110876,0.9389936
45291,0.0793086,0.8563523
45292,0.03694008,0.40332553
45293,0.06995594,0.87509453
45294,0.012662684,0.2911081
45295,0.031579107,0.15443486
45296,0.025166713,0.68384236
45297,0.06867964,0.18614858
45298,0.3709954,0.19206317
45299,0.019097276,0.023184681
45300,0.22098993,0.4836303
45301,0.0018453539,0.09912184
45302,0.077718556,0.6795252
45303,0.035674926,0.3594198
45304,0.036170736,0.16906223
45305,0.044606518,0.27685785
45306,0.26011205,0.57876074
45307,0.8399571,0.9626672
45308,0.5978365,0.8701655
45309,0.10497286,0.28164092
45310,0.031869132,0.46386346
45311,0.31165344,0.6264837
45312,0.31858733,0.9174142
45313,0.11423783,0.092025794
45314,0.16725712,0.18978927
45315,0.16694705,0.97142035
45316,0.3008283,0.71540314
45317,0.8133731,0.59037197
45318,0.0046234466,0.008199919
45319,0.06911969,0.16527185
45320,0.78180945,0.7529993
45321,0.3633664,0.63023263
45322,0.056046057,0.4027455
45323,0.62405795,0.45218915
45324,0.01938033,0.54324573
45325,0.10788607,0.11313453
45326,0.3726269,0.70141983
45327,0.0071471725,0.08857229
45328,0.6410067,0.81375074
45329,0.90078926,0.99183196
45330,0.18751116,0.2961208
45331,0.46984127,0.18534409
45332,0.23304465,0.82409286
45333,0.080296226,0.23883164
45334,0.06879972,0.23374034
45335,0.017559666,0.12623884
45336,0.43052667,0.94847214
45337,0.061759617,0.13303052
45338,0.88099205,0.8859568
45339,0.060067184,0.0885223
45340,0.085965134,0.049770392
45341,0.031834893,0.5035127
45342,0.062590286,0.97552806
45343,0.49355084,0.8603263
45344,0.72230077,0.9510701
45345,0.02604839,0.2836969
45346,0.0021825545,0.01126466
45347,0.5110553,0.5357135
45348,0.0002528963,0.028004808
45349,0.20216389,0.4273505
45350,0.021675698,0.10178922
45351,0.1835325,0.8699352
45352,0.10664675,0.50608575
45353,0.024890631,0.89543617
45354,0.025252566,0.021640582
45355,0.023788821,0.017985241
45356,0.8994177,0.98632705
45357,0.65413094,0.9485311
45358,0.0025655618,0.7394656
45359,0.043002985,0.6923349
45360,0.062983796,0.96124476
45361,0.012799746,0.2388936
45362,0.033617433,0.14874619
45363,0.012423505,0.7986768
45364,0.03710764,0.09931022
45365,0.9070561,0.9218441
45366,0.86835366,0.8323964
45367,0.044001866,0.06618631
45368,0.024100741,0.5142826
45369,0.13986215,0.054603387
45370,0.009985734,0.070810035
45371,0.02709002,0.48157555
45372,0.8487675,0.93574715
45373,0.07401993,0.0801642
45374,0.043337353,0.19414288
45375,0.5482915,0.91314894
45376,0.10282789,0.2116361
45377,0.20869268,0.9823861
45378,0.0034461087,0.054936055
45379,0.16063467,0.9073906
45380,0.6276775,0.84523165
45381,0.40052018,0.7641293
45382,0.013288954,0.6037576
45383,0.028035145,0.68624085
45384,0.47303703,0.86980397
45385,0.58796006,0.68369377
45386,0.45808738,0.93427485
45387,0.019364014,0.29983804
45388,0.21509214,0.9794263
45389,0.008462915,0.09235876
45390,0.30675307,0.5337974
45391,0.03751944,0.8914737
45392,0.0072548785,0.070137635
45393,0.4659559,0.9106838
45394,0.21497102,0.9706388
45395,0.65313494,0.24707653
45396,0.10501438,0.846429
45397,0.63323057,0.91609836
45398,0.23287122,0.6735289
45399,0.0026868097,0.1644516
45400,0.16863486,0.35642603
45401,0.038940176,0.19559398
45402,0.06391435,0.8459344
45403,0.84572214,0.9188976
45404,0.015186461,0.44221732
45405,0.023877664,0.84812856
45406,0.011354047,0.11279524
45407,0.85916716,0.9291502
45408,0.18047716,0.21107477
45409,0.93126076,0.74741775
45410,0.022232885,0.7100143
45411,0.3366896,0.90966433
45412,0.013455781,0.8056721
45413,0.17217505,0.52785116
45414,0.03623331,0.97229713
45415,0.09351043,0.086489305
45416,0.85324305,0.7692763
45417,0.010332945,0.13742962
45418,0.031959683,0.12255813
45419,0.053582508,0.09731611
45420,0.012269022,0.02476883
45421,0.7285392,0.20299436
45422,0.035889614,0.9309256
45423,0.8265616,0.4882574
45424,0.698906,0.65612245
45425,0.39033484,0.35532185
45426,0.087454185,0.98006916
45427,0.47849557,0.8445781
45428,0.027908187,0.2707971
45429,0.13341524,0.31558347
45430,0.017562645,0.043342207
45431,0.21056542,0.011970755
45432,0.0017311522,0.022797756
45433,0.008023272,0.06508542
45434,0.4199899,0.37558746
45435,0.7414667,0.9250446
45436,0.017184068,0.06278521
45437,0.0038385831,0.03131603
45438,0.0142751625,0.21454409
45439,0.16608077,0.08149043
45440,0.024087062,0.9576661
45441,0.055064008,0.5427441
45442,0.025038572,0.2736564
45443,0.15510762,0.208834
45444,0.02098946,0.9817754
45445,0.036028076,0.9490489
45446,0.9426325,0.8870874
45447,0.044967867,0.97051686
45448,0.28454742,0.6193845
45449,0.310664,0.95860714
45450,0.0066511766,0.13136058
45451,0.04112369,0.8852331
45452,0.01840426,0.2383085
45453,0.027043559,0.092042886
45454,0.2870661,0.88225615
45455,0.0049771285,0.52331036
45456,0.0027358308,0.047020953
45457,0.6207001,0.83863354
45458,0.01907175,0.35920748
45459,0.81238896,0.918457
45460,0.042068806,0.041358933
45461,0.78761786,0.9226438
45462,0.34479538,0.24844994
45463,0.061146677,0.053561687
45464,0.21739104,0.8896609
45465,0.18001431,0.6415467
45466,0.9014597,0.653575
45467,0.009297487,0.24060152
45468,0.2953223,0.93582815
45469,0.05681403,0.14735034
45470,0.090024926,0.09880552
45471,0.58936864,0.5516621
45472,0.13530384,0.44111314
45473,0.0039140075,0.08025835
45474,0.060407482,0.91556233
45475,0.10081641,0.06840291
45476,0.072073214,0.06828152
45477,0.3122099,0.18791296
45478,0.06511395,0.113475524
45479,0.092379004,0.088921376
45480,0.1285925,0.8144878
45481,0.047603197,0.7357218
45482,0.0072439243,0.021901743
45483,0.047990426,0.69135565
45484,0.046199255,0.29935336
45485,0.17117392,0.8627759
45486,0.008864549,0.14162618
45487,0.09602249,0.79071736
45488,0.66814274,0.18626252
45489,0.043728232,0.71843666
45490,0.32711202,0.49135014
45491,0.009305875,0.087078154
45492,0.023251297,0.10246036
45493,0.028265856,0.8401411
45494,0.29939878,0.90537655
45495,0.043255147,0.25794724
45496,0.6729658,0.932493
45497,0.010370389,0.047410667
45498,0.1070773,0.18762939
45499,0.0041725026,0.09407284
45500,0.4792654,0.809686
45501,0.48900786,0.40927786
45502,0.10420001,0.7660694
45503,0.43588328,0.5118056
45504,0.9434141,0.9571682
45505,0.59948784,0.7647564
45506,0.008265925,0.37951067
45507,0.009537925,0.6146816
45508,0.13452049,0.3169108
45509,0.05564908,0.40438697
45510,0.046139255,0.7202661
45511,0.1428247,0.028474836
45512,0.07556499,0.19706677
45513,0.9664396,0.7913442
45514,0.051129606,0.09589053
45515,0.04510569,0.9534562
45516,0.058225214,0.3424755
45517,0.9380234,0.75604475
45518,0.27052322,0.7213677
45519,0.006720175,0.13381022
45520,0.04626875,0.080051795
45521,0.5866532,0.60309875
45522,0.148551,0.3131255
45523,0.024592789,0.41269317
45524,0.3405317,0.13577296
45525,0.08172061,0.031636454
45526,0.0054789395,0.06660813
45527,0.22374228,0.9173535
45528,0.041209277,0.46359295
45529,0.058338936,0.039495397
45530,0.35418522,0.8518028
45531,0.032000013,0.11829098
45532,0.97212696,0.98660976
45533,0.0016621707,0.08089043
45534,0.929512,0.95509285
45535,0.006357456,0.06064501
45536,0.011988195,0.32477513
45537,0.651442,0.89994115
45538,0.9215472,0.8609816
45539,0.014722989,0.03766563
45540,0.0019988185,0.37361422
45541,0.23020168,0.51349115
45542,0.008647129,0.020155765
45543,0.4495098,0.52842826
45544,0.057674795,0.19111739
45545,0.19754465,0.9125123
45546,0.057937913,0.3557228
45547,0.13031541,0.94524735
45548,0.4226372,0.8733942
45549,0.0008542418,0.03957737
45550,0.014712783,0.009196952
45551,0.05141021,0.043798376
45552,0.05158914,0.14862387
45553,0.010876037,0.09069167
45554,0.02218399,0.3700531
45555,0.4619065,0.092528366
45556,0.24506384,0.9113651
45557,0.007616848,0.49410057
45558,0.64613426,0.84856415
45559,0.20103773,0.34012228
45560,0.06149599,0.21714462
45561,0.09402086,0.9525776
45562,0.63631856,0.91921496
45563,0.2181038,0.36949578
45564,0.8271877,0.86745846
45565,0.016109683,0.70067114
45566,0.008209713,0.08864434
45567,0.060013622,0.9644698
45568,0.15170331,0.045550585
45569,0.10121225,0.17348818
45570,0.017655931,0.2694115
45571,0.5000604,0.6413468
45572,0.014519714,0.29599464
45573,0.0458818,0.9245449
45574,0.09040881,0.19414988
45575,0.2929649,0.6695886
45576,0.026741276,0.51031023
45577,0.16388568,0.40612465
45578,0.59954417,0.33310196
45579,0.009291379,0.030261211
45580,0.8074673,0.8929508
45581,0.2990539,0.8937314
45582,0.16413695,0.08771366
45583,0.037256982,0.61337215
45584,0.47765926,0.9536482
45585,0.41050014,0.88024765
45586,0.10700109,0.91676915
45587,0.034092262,0.049613994
45588,0.0073192785,0.087485105
45589,0.18648857,0.04081513
45590,0.008504127,0.16681927
45591,0.053771265,0.43651584
45592,0.011603529,0.9763214
45593,0.037930116,0.09973432
45594,0.17957354,0.47835875
45595,0.0078367125,0.03395057
45596,0.121785544,0.062386043
45597,0.25509918,0.19178854
45598,0.0583632,0.11430964
45599,0.11599541,0.19726774
45600,0.17196591,0.20540802
45601,0.30321327,0.18310209
45602,0.3189873,0.16089965
45603,0.15638159,0.2751324
45604,0.26434112,0.6350636
45605,0.0103007,0.051318422
45606,0.023401134,0.33974037
45607,0.031600885,0.0580082
45608,0.64713573,0.9327443
45609,0.054780923,0.27284792
45610,0.24364467,0.80927795
45611,0.008361933,0.48011327
45612,0.15241383,0.28224012
45613,0.8808173,0.938705
45614,0.14801314,0.6775387
45615,0.5548672,0.94402105
45616,0.32141447,0.5903356
45617,0.036106788,0.7750702
45618,0.053215574,0.9289255
45619,0.4005352,0.7934978
45620,0.05403285,0.0025164257
45621,0.061011203,0.07529102
45622,0.085698575,0.5705191
45623,0.029719066,0.71174437
45624,0.17840761,0.87937605
45625,0.040177234,0.0991417
45626,0.41507953,0.47615904
45627,0.02353907,0.2545373
45628,0.017990531,0.10393892
45629,0.22624947,0.74879587
45630,0.44965506,0.13074219
45631,0.0023290373,0.086148046
45632,0.3052358,0.78106815
45633,0.37867102,0.5147278
45634,0.33269233,0.64244634
45635,0.006704997,0.01860051
45636,0.13986221,0.13534468
45637,0.29330447,0.7174907
45638,0.44148868,0.7907148
45639,0.025330558,0.012115067
45640,0.191635,0.23963349
45641,0.12965845,0.0817842
45642,0.057362277,0.12785874
45643,0.42666173,0.46397322
45644,0.03570404,0.92730236
45645,0.60750526,0.7083719
45646,0.048614223,0.16011257
45647,0.7744441,0.37920865
45648,0.026064202,0.030005485
45649,0.22656849,0.27097726
45650,0.038983483,0.63020027
45651,0.5027866,0.71755356
45652,0.108156115,0.10823025
45653,0.5363395,0.8091084
45654,0.37840548,0.72408646
45655,0.9258952,0.9693685
45656,0.002252097,0.03337747
45657,0.20610811,0.4263732
45658,0.057617873,0.0992686
45659,0.10688301,0.090316914
45660,0.10297476,0.059545714
45661,0.08747318,0.3990418
45662,0.05301816,0.089950845
45663,0.036046356,0.097160056
45664,0.18820484,0.2048121
45665,0.011377359,0.04198513
45666,0.018866654,0.036016677
45667,0.22957988,0.8699623
45668,0.011599664,0.031711165
45669,0.8027083,0.846996
45670,0.055387244,0.051825736
45671,0.1465325,0.083539344
45672,0.007060355,0.85246485
45673,0.21274969,0.9490841
45674,0.12675746,0.45199686
45675,0.026773281,0.28890377
45676,0.91463083,0.98965424
45677,0.011544321,0.036613625
45678,0.030832592,0.009415351
45679,0.042274658,0.79728216
45680,0.120164886,0.84880626
45681,0.13685723,0.6892536
45682,0.013956978,0.18320009
45683,0.010441568,0.11006614
45684,0.15596601,0.5910034
45685,0.10565965,0.07231078
45686,0.04794842,0.40401688
45687,0.0035212126,0.61105955
45688,0.9856011,0.9506681
45689,0.03309163,0.44714826
45690,0.33233583,0.9553877
45691,0.7253783,0.7819742
45692,0.03551604,0.36582395
45693,0.03557492,0.5704563
45694,0.051413957,0.049048156
45695,0.022031868,0.2690998
45696,0.38246158,0.92956054
45697,0.35781044,0.9561442
45698,0.040883284,0.92664987
45699,0.6659873,0.63402075
45700,0.07862336,0.29281813
45701,0.8774891,0.68610805
45702,0.05115947,0.038750704
45703,0.77951705,0.7742702
45704,0.4508764,0.96995306
45705,0.0047069336,0.030343143
45706,0.021540368,0.261622
45707,0.042790037,0.16051735
45708,0.0032208015,0.82715654
45709,0.61960596,0.08685004
45710,0.026441075,0.2880842
45711,0.0064220056,0.03385778
45712,0.81798786,0.9263094
45713,0.023377752,0.20933822
45714,0.08378644,0.4717141
45715,0.008229728,0.05994336
45716,0.012788538,0.08415298
45717,0.0013040265,0.0020818065
45718,0.07338145,0.04051681
45719,0.039215636,0.3377773
45720,0.035117585,0.24862896
45721,0.051837955,0.56079626
45722,0.16103807,0.82762283
45723,0.08035171,0.70181346
45724,0.0025823836,0.7877387
45725,0.4466578,0.57255274
45726,0.35381162,0.65045506
45727,0.37133536,0.8741178
45728,0.14942664,0.7029602
45729,0.029859668,0.14669138
45730,0.09456436,0.5287313
45731,0.02511723,0.21545549
45732,0.34361932,0.2289806
45733,0.19917661,0.46793798
45734,0.19053484,0.17443521
45735,0.06514681,0.1400252
45736,0.012352867,0.9278006
45737,0.06405277,0.8835722
45738,0.018902263,0.6787932
45739,0.16951688,0.73461145
45740,0.036644883,0.3300928
45741,0.10763815,0.42561293
45742,0.01899285,0.07227028
45743,0.004425839,0.12063122
45744,0.75623953,0.12645905
45745,0.4989794,0.7277058
45746,0.48628923,0.93126667
45747,0.3223564,0.87792027
45748,0.0014586415,0.21470198
45749,0.05487202,0.023721818
45750,0.3996112,0.8826596
45751,0.015623808,0.095407166
45752,0.32000917,0.96480024
45753,0.061451893,0.22300534
45754,0.02656818,0.5465972
45755,0.012239228,0.099974655
45756,0.01610895,0.14083076
45757,0.9592292,0.9602746
45758,0.94039476,0.9800964
45759,0.96932745,0.89371395
45760,0.11045482,0.05364689
45761,0.2792117,0.82286376
45762,0.12643482,0.8999728
45763,0.08591517,0.95367736
45764,0.08057582,0.81393665
45765,0.0066083083,0.14221752
45766,0.41754103,0.6527275
45767,0.9008062,0.65210146
45768,0.013830311,0.9330213
45769,0.036191817,0.49598312
45770,0.9652699,0.91686773
45771,0.11169211,0.040653165
45772,0.9433797,0.9750416
45773,0.0010916844,0.03984954
45774,0.7464073,0.7474405
45775,0.6288069,0.8697909
45776,0.4171681,0.45812628
45777,0.0076142782,0.5985777
45778,0.074146904,0.39757955
45779,0.012732379,0.43639326
45780,0.09171981,0.8227063
45781,0.006797889,0.011611527
45782,0.3468572,0.37396958
45783,0.01842817,0.60480493
45784,0.41425586,0.063405566
45785,0.06582042,0.7001465
45786,0.20774546,0.90142363
45787,0.06676888,0.59566736
45788,0.48159397,0.21530735
45789,0.03249528,0.7476376
45790,0.11955202,0.25768635
45791,0.0124011645,0.20099896
45792,0.03595399,0.08105785
45793,0.08134437,0.35961288
45794,0.8076938,0.96160907
45795,0.04745835,0.84031314
45796,0.0063691903,0.053678878
45797,0.018469788,0.033923645
45798,0.57209444,0.95734334
45799,0.88209844,0.1253063
45800,0.02445834,0.06031245
45801,0.47474846,0.7851083
45802,0.108638436,0.715059
45803,0.16860534,0.12982805
45804,0.23768316,0.6523187
45805,0.54890287,0.17198382
45806,0.54810625,0.2517392
45807,0.08448567,0.6156243
45808,0.48046613,0.12324732
45809,0.018904144,0.5731722
45810,0.0904283,0.9261794
45811,0.34901333,0.19783176
45812,0.07832046,0.2479152
45813,0.0539025,0.03829686
45814,0.57799107,0.80931926
45815,0.090825714,0.109597355
45816,0.9411844,0.9938471
45817,0.10803063,0.63534653
45818,0.10110568,0.32857448
45819,0.7519738,0.87247634
45820,0.24469088,0.79098666
45821,0.016643737,0.7571798
45822,0.05107049,0.9213678
45823,0.03589443,0.859599
45824,0.23361011,0.39004785
45825,0.05323669,0.5767889
45826,0.052131314,0.009074071
45827,0.22018708,0.64489746
45828,0.051800407,0.02465614
45829,0.036182545,0.19709596
45830,0.13159826,0.9533078
45831,0.074543506,0.34883875
45832,0.088425666,0.06174488
45833,0.014770245,0.06654887
45834,0.5794876,0.7878085
45835,0.034562692,0.058339003
45836,0.4347631,0.782848
45837,0.010032397,0.4835615
45838,0.048196476,0.49921456
45839,0.011229646,0.5308791
45840,0.14140576,0.27225587
45841,0.0026183273,0.048343956
45842,0.09939645,0.2623613
45843,0.39433086,0.65372765
45844,0.07628655,0.59297687
45845,0.7367523,0.8579255
45846,0.88014615,0.73174846
45847,0.24586602,0.9424266
45848,0.35491723,0.06472691
45849,0.28740358,0.9528058
45850,0.07117635,0.09144013
45851,0.34577078,0.55652815
45852,0.073318996,0.8683841
45853,0.011044913,0.17011604
45854,0.8820776,0.706411
45855,0.0052882624,0.17780517
45856,0.02936856,0.114067405
45857,0.065672465,0.06366688
45858,0.16437909,0.45714873
45859,0.13847367,0.11621538
45860,0.5269834,0.48608297
45861,0.7482413,0.9526633
45862,0.42421,0.8493343
45863,0.019133346,0.5516222
45864,0.019340731,0.09959197
45865,0.8570775,0.80407184
45866,0.0477169,0.1086045
45867,0.09197546,0.36535776
45868,0.3217616,0.53505206
45869,0.070314,0.52662367
45870,0.037953354,0.31942016
45871,0.04561235,0.7568071
45872,0.85580933,0.9709198
45873,0.14406066,0.2730485
45874,0.19459699,0.65600234
45875,0.0023830782,0.007473238
45876,0.849882,0.84428126
45877,0.4995106,0.97876096
45878,0.026072524,0.38067764
45879,0.028139234,0.124476284
45880,0.36830696,0.4586415
45881,0.1506351,0.33870348
45882,0.005811314,0.25297087
45883,0.02416291,0.90012944
45884,0.30706766,0.42792526
45885,0.14736106,0.8179758
45886,0.11907261,0.93882185
45887,0.7956792,0.75064003
45888,0.5508854,0.95032275
45889,0.12934706,0.12892394
45890,0.015303186,0.18672943
45891,0.0048102727,0.11635566
45892,0.6901806,0.3216784
45893,0.913922,0.9526039
45894,0.03780817,0.046883743
45895,0.054888885,0.7525934
45896,0.39029387,0.8184558
45897,0.057109077,0.17269163
45898,0.039247807,0.7939339
45899,0.15661375,0.799405
45900,0.53338754,0.82481116
45901,0.91778547,0.8668549
45902,0.16723718,0.8847925
45903,0.043516237,0.26228967
45904,0.020662738,0.067877084
45905,0.5967769,0.9585385
45906,0.8774665,0.9174055
45907,0.0038808344,0.05102847
45908,0.041751985,0.13726877
45909,0.58472943,0.83234
45910,0.055609595,0.20626566
45911,0.075262345,0.10207039
45912,0.082897544,0.9543386
45913,0.00405747,0.022993244
45914,0.06852603,0.111454435
45915,0.73688406,0.98832464
45916,0.6179334,0.62306523
45917,0.620167,0.95156914
45918,0.0018194175,0.012500772
45919,0.298614,0.13431257
45920,0.42740658,0.38935283
45921,0.26101884,0.6466415
45922,0.08542365,0.5191753
45923,0.011616569,0.057425167
45924,0.19869915,0.8022518
45925,0.83365697,0.8825072
45926,0.24173617,0.23791371
45927,0.14597046,0.13537371
45928,0.8303617,0.94317245
45929,0.46830076,0.8924365
45930,0.0068281894,0.6826259
45931,0.41906595,0.74160284
45932,0.013289367,0.20649111
45933,0.047341157,0.08897043
45934,0.07107317,0.43561986
45935,0.07044573,0.8921093
45936,0.9094303,0.84713066
45937,0.08744792,0.514538
45938,0.023093447,0.5882631
45939,0.052631944,0.29505906
45940,0.03590799,0.6985304
45941,0.10891557,0.07051756
45942,0.17782502,0.089001566
45943,0.029320542,0.90148073
45944,0.0040804087,0.023300901
45945,0.80840516,0.9563448
45946,0.28349623,0.64133734
45947,0.08156463,0.8204807
45948,0.81997657,0.98791504
45949,0.06652149,0.09103226
45950,0.3906629,0.74679023
45951,0.014393431,0.36234862
45952,0.29029748,0.8757435
45953,0.045299873,0.08974975
45954,0.03083488,0.22351784
45955,0.06673807,0.82934815
45956,0.08287475,0.83609724
45957,0.3216324,0.92768073
45958,0.52340376,0.7948455
45959,0.044791825,0.98929006
45960,0.05932823,0.7689013
45961,0.9109714,0.6933024
45962,0.16578001,0.8314193
45963,0.015491664,0.1573023
45964,0.07476488,0.21858525
45965,0.17387791,0.08360839
45966,0.10580943,0.16758038
45967,0.23991174,0.6327903
45968,0.4073567,0.71248496
45969,0.070781104,0.7527236
45970,0.382181,0.91472787
45971,0.71888244,0.9358939
45972,0.011594722,0.5841984
45973,0.14902367,0.34444845
45974,0.14874578,0.22095016
45975,0.533533,0.6240376
45976,0.05276811,0.038678523
45977,0.5479082,0.9251538
45978,0.016210694,0.10568841
45979,0.08857574,0.46280432
45980,0.41767937,0.17854118
45981,0.9315798,0.17474106
45982,0.8883946,0.9042359
45983,0.0072320965,0.7259068
45984,0.068489164,0.23796932
45985,0.9813508,0.9750274
45986,0.9784169,0.9239726
45987,0.02653332,0.03850117
45988,0.098818935,0.7155641
45989,0.09050114,0.36246565
45990,0.048567962,0.18937345
45991,0.3641246,0.9404141
45992,0.01549803,0.07915417
45993,0.30845392,0.84892523
45994,0.14540565,0.90461206
45995,0.12512457,0.760254
45996,0.016078023,0.046216466
45997,0.4983081,0.86200035
45998,0.95677805,0.97053254
45999,0.46660936,0.8824807
46000,0.77131575,0.11984877
46001,0.07948096,0.11976027
46002,0.19357885,0.019757338
46003,0.20631692,0.15485223
46004,0.04185804,0.744949
46005,0.017281549,0.8770383
46006,0.019950878,0.8186518
46007,0.8344287,0.796139
46008,0.445638,0.07511735
46009,0.065321445,0.6824496
46010,0.16345468,0.5842116
46011,0.27734792,0.83154404
46012,0.016974064,0.2069061
46013,0.030458521,0.09234421
46014,0.1091498,0.12409921
46015,0.029718816,0.55385226
46016,0.24373707,0.9490211
46017,0.06300631,0.47314316
46018,0.5292511,0.58801055
46019,0.8293302,0.79345804
46020,0.032096084,0.24071755
46021,0.20583443,0.30603248
46022,0.20635244,0.4014574
46023,0.05107317,0.92034554
46024,0.028990835,0.5663745
46025,0.09237555,0.8822835
46026,0.037437014,0.27868405
46027,0.24112163,0.55617076
46028,0.05401733,0.6744111
46029,0.018178497,0.05814974
46030,0.1448079,0.7353986
46031,0.012444197,0.16799317
46032,0.6169002,0.102576755
46033,0.5802865,0.7767958
46034,0.024467604,0.8636228
46035,0.009825884,0.23120838
46036,0.0027371477,0.03280607
46037,0.0028764205,0.0428524
46038,0.09021534,0.021957934
46039,0.007960051,0.18639378
46040,0.093997166,0.91772395
46041,0.0044355188,0.17406176
46042,0.0032267636,0.013925873
46043,0.67721087,0.7471546
46044,0.4775382,0.6226995
46045,0.09706381,0.67786425
46046,0.2326573,0.23479234
46047,0.73425615,0.8999243
46048,0.24470021,0.33003494
46049,0.38979283,0.55377454
46050,0.21834885,0.71783185
46051,0.079095475,0.18941744
46052,0.92506146,0.98860323
46053,0.08565048,0.95562476
46054,0.9407376,0.96436834
46055,0.070102885,0.22761217
46056,0.15677248,0.36346462
46057,0.11470174,0.2046079
46058,0.0075449343,0.45832977
46059,0.9935906,0.9949581
46060,0.26668683,0.6057736
46061,0.013852622,0.04238627
46062,0.01684726,0.522406
46063,0.07401449,0.88640517
46064,0.0016734335,0.013592369
46065,0.0017141722,0.10737832
46066,0.0042984225,0.96208006
46067,0.0355044,0.96933615
46068,0.24746756,0.7693634
46069,0.052072708,0.30303642
46070,0.014322725,0.09548335
46071,0.06680041,0.7525411
46072,0.62417316,0.5359253
46073,0.04151941,0.32673112
46074,0.06216582,0.8405458
46075,0.03820677,0.055627927
46076,0.13064577,0.065922044
46077,0.0526152,0.1331873
46078,0.030880313,0.029994398
46079,0.69139755,0.20892271
46080,0.061185155,0.22879477
46081,0.14184451,0.25350088
46082,0.29646498,0.24376704
46083,0.05428317,0.084999286
46084,0.80563855,0.76564884
46085,0.35898477,0.53383803
46086,0.08414763,0.9068845
46087,0.053991675,0.07861335
46088,0.016203707,0.024863085
46089,0.08862523,0.78520715
46090,0.0022927162,0.002980347
46091,0.9713405,0.96564096
46092,0.12316551,0.74109787
46093,0.04527634,0.1937876
46094,0.043490533,0.022142123
46095,0.08978427,0.91365385
46096,0.03782731,0.79753935
46097,0.0062035113,0.109898366
46098,0.050480288,0.8116331
46099,0.74651784,0.42808297
46100,0.9233876,0.679747
46101,0.014010593,0.008748634
46102,0.07901217,0.3762603
46103,0.5773641,0.50327945
46104,0.26254958,0.9171564
46105,0.033977874,0.5087126
46106,0.041652616,0.87070256
46107,0.8967718,0.8782276
46108,0.09083091,0.082801364
46109,0.153214,0.12805638
46110,0.14650738,0.28445667
46111,0.9493794,0.9563229
46112,0.042150386,0.44362152
46113,0.0009319813,0.043058526
46114,0.029262526,0.9048922
46115,0.34045455,0.6491483
46116,0.005746584,0.023816193
46117,0.07784343,0.07971783
46118,0.036538206,0.95948374
46119,0.086931534,0.9453851
46120,0.07959789,0.77550095
46121,0.5511469,0.27602568
46122,0.005727278,0.17460358
46123,0.010125588,0.1366045
46124,0.005597086,0.24620953
46125,0.06039156,0.3358965
46126,0.04271857,0.95093536
46127,0.4700041,0.48587632
46128,0.9413096,0.97615594
46129,0.5443885,0.7648763
46130,0.0075775674,0.055839494
46131,0.06080557,0.9681032
46132,0.011157857,0.2365016
46133,0.10765498,0.32883886
46134,0.08669329,0.8439618
46135,0.24662346,0.10999955
46136,0.011394374,0.67797196
46137,0.62598693,0.94687617
46138,0.017515514,0.06704695
46139,0.010262657,0.18799736
46140,0.76794237,0.63482547
46141,0.20552984,0.6748678
46142,0.1776891,0.17855169
46143,0.36370847,0.51343733
46144,0.4214344,0.7744495
46145,0.04923739,0.044341326
46146,0.010746852,0.14296481
46147,0.14389817,0.36470187
46148,0.9470035,0.959819
46149,0.14118102,0.92992955
46150,0.2741881,0.9071343
46151,0.0028707832,0.015977321
46152,0.06619917,0.052445002
46153,0.17124955,0.61055696
46154,0.07407973,0.17804466
46155,0.4964526,0.97464967
46156,0.014056482,0.1413835
46157,0.06440767,0.053474918
46158,0.12889686,0.20873408
46159,0.15083697,0.20670687
46160,0.32474476,0.93895847
46161,0.014489607,0.10797698
46162,0.045150552,0.8002104
46163,0.011155864,0.062961034
46164,0.32459792,0.13992462
46165,0.33893234,0.59961545
46166,0.030299023,0.2923363
46167,0.30688664,0.8905881
46168,0.04532998,0.21874976
46169,0.09401225,0.5070049
46170,0.7815639,0.94417197
46171,0.8327182,0.88842195
46172,0.026132321,0.15217252
46173,0.037747554,0.07718337
46174,0.44822815,0.35505208
46175,0.7635162,0.81173074
46176,0.009807895,0.56222296
46177,0.12984258,0.47078124
46178,0.5063719,0.11297535
46179,0.26713476,0.8777813
46180,0.030654123,0.040646657
46181,0.04621842,0.29219398
46182,0.010600879,0.95434594
46183,0.3126327,0.43033457
46184,0.016759824,0.3454758
46185,0.108987406,0.6706066
46186,0.5944863,0.8593296
46187,0.48517883,0.58842987
46188,0.81455046,0.4439378
46189,0.014057341,0.2478227
46190,0.06387971,0.4630546
46191,0.041974615,0.35937002
46192,0.056235284,0.784242
46193,0.81261826,0.95993733
46194,0.7141438,0.76642126
46195,0.21550734,0.18544175
46196,0.18910238,0.63821024
46197,0.054123215,0.8618899
46198,0.56073487,0.85058105
46199,0.18151549,0.4306031
46200,0.009344972,0.094469815
46201,0.35268837,0.8515131
46202,0.23171394,0.73512703
46203,0.025362562,0.5261571
46204,0.04160697,0.63549143
46205,0.080914564,0.22232682
46206,0.10518249,0.28520325
46207,0.056880526,0.8037857
46208,0.13082395,0.91452765
46209,0.015740559,0.1351655
46210,0.032930687,0.76469237
46211,0.0027830321,0.010117647
46212,0.008236962,0.24992111
46213,0.12843107,0.12297238
46214,0.18517327,0.96686494
46215,0.017646711,0.82498807
46216,0.0042869784,0.6627849
46217,0.10613346,0.23032364
46218,0.05897353,0.12735449
46219,0.3159003,0.7127572
46220,0.14455652,0.41919625
46221,0.0058237575,0.0615495
46222,0.015720397,0.53498805
46223,0.25220564,0.2361447
46224,0.015282836,0.039441228
46225,0.83690643,0.9196621
46226,0.08897988,0.18033452
46227,0.15542293,0.18830371
46228,0.33248767,0.7583562
46229,0.033867784,0.64955187
46230,0.016933335,0.05432828
46231,0.40005532,0.9781215
46232,0.017115364,0.020571308
46233,0.10704737,0.40425086
46234,0.018108973,0.3234312
46235,0.74724865,0.9818394
46236,0.08248446,0.5994353
46237,0.69055146,0.805271
46238,0.24380901,0.44618434
46239,0.53361505,0.6254818
46240,0.44025296,0.71077734
46241,0.015981168,0.31494537
46242,0.010270377,0.042849958
46243,0.012723948,0.28605023
46244,0.13661268,0.38261062
46245,0.060148697,0.2529229
46246,0.04788882,0.008617829
46247,0.047796696,0.634701
46248,0.06633129,0.075321056
46249,0.044988126,0.5913663
46250,0.08985969,0.20675842
46251,0.923725,0.2727632
46252,0.24063568,0.61590713
46253,0.014899978,0.811958
46254,0.15998244,0.34807584
46255,0.086418316,0.61188823
46256,0.05128706,0.8148425
46257,0.4366874,0.79171467
46258,0.14879467,0.962558
46259,0.22546366,0.28722435
46260,0.010287131,0.17216021
46261,0.48837724,0.19514762
46262,0.8401827,0.9110836
46263,0.18023664,0.7029079
46264,0.061894104,0.95128965
46265,0.9612072,0.9622678
46266,0.26400578,0.28474215
46267,0.100134484,0.9141874
46268,0.0735695,0.85487205
46269,0.013428463,0.5053545
46270,0.052631672,0.17147043
46271,0.027322201,0.43803677
46272,0.010968678,0.07467823
46273,0.004571583,0.036244143
46274,0.7327114,0.90262777
46275,0.024912165,0.40033928
46276,0.019646268,0.10478623
46277,0.6901332,0.17404221
46278,0.0440442,0.1361742
46279,0.045661747,0.7832634
46280,0.0042018746,0.09937938
46281,0.08416307,0.969861
46282,0.22258015,0.122094356
46283,0.13469784,0.28928062
46284,0.17448626,0.1303522
46285,0.651887,0.56689423
46286,0.041766245,0.7869622
46287,0.04872942,0.67154664
46288,0.01511935,0.03239749
46289,0.10449009,0.28970695
46290,0.14770906,0.5252503
46291,0.01878869,0.17902577
46292,0.14187887,0.13655587
46293,0.07781517,0.4234433
46294,0.033153944,0.68214875
46295,0.63358516,0.56486
46296,0.77698123,0.76485103
46297,0.008433114,0.040011536
46298,0.020343013,0.06503783
46299,0.9664093,0.9612988
46300,0.1255895,0.54379904
46301,0.15168437,0.9691622
46302,0.032871068,0.8533758
46303,0.01294908,0.071722105
46304,0.7412558,0.86635476
46305,0.0064977314,0.100869544
46306,0.0025501628,0.021725792
46307,0.005519577,0.064724475
46308,0.105527095,0.04616189
46309,0.678442,0.96681464
46310,0.01364114,0.028482514
46311,0.8151525,0.9297156
46312,0.008975833,0.8752467
46313,0.010133262,0.008695849
46314,0.12650187,0.9494024
46315,0.9424125,0.9805486
46316,0.6698311,0.20676666
46317,0.06498537,0.18317245
46318,0.0018130592,0.018019369
46319,0.053018462,0.48491704
46320,0.3972106,0.5120148
46321,0.0033804595,0.04114924
46322,0.018080266,0.010444524
46323,0.09134177,0.8339699
46324,0.11366123,0.33833453
46325,0.059584748,0.48869863
46326,0.019482045,0.29666734
46327,0.0056309756,0.020942597
46328,0.023233011,0.055368707
46329,0.904607,0.94116646
46330,0.03928373,0.07570749
46331,0.032489784,0.91271895
46332,0.8706281,0.86486113
46333,0.25578287,0.63795334
46334,0.026631406,0.03463402
46335,0.26307997,0.79045117
46336,0.24191672,0.6539635
46337,0.00506864,0.076534174
46338,0.22149006,0.13219336
46339,0.89954287,0.8829448
46340,0.9250183,0.99499905
46341,0.10436893,0.32981938
46342,0.050112087,0.6948711
46343,0.1573096,0.6767908
46344,0.25177273,0.9036156
46345,0.027105417,0.03641061
46346,0.9001261,0.19270466
46347,0.013341734,0.46609384
46348,0.2827562,0.96496606
46349,0.77875197,0.76771146
46350,0.10081096,0.04441991
46351,0.0062676095,0.10141058
46352,0.12584971,0.125744
46353,0.97884035,0.9660216
46354,0.47431457,0.18230158
46355,0.0732512,0.6353006
46356,0.090077356,0.5989747
46357,0.06434558,0.69274676
46358,0.063928,0.24320488
46359,0.084604196,0.20608282
46360,0.046757966,0.10565089
46361,0.8186976,0.9412413
46362,0.069624975,0.24516504
46363,0.5601891,0.88732284
46364,0.04833844,0.9096232
46365,0.1199009,0.21897298
46366,0.05301552,0.6505818
46367,0.0033978925,0.055857357
46368,0.042826474,0.1575418
46369,0.93870145,0.9444724
46370,0.08137902,0.9038645
46371,0.0065996177,0.026273113
46372,0.0064889365,0.036005385
46373,0.12718683,0.23107256
46374,0.109171614,0.3977308
46375,0.027152052,0.09084432
46376,0.004614007,0.20243512
46377,0.9622392,0.9728388
46378,0.14172144,0.74171
46379,0.0043023895,0.042032126
46380,0.005852235,0.0364765
46381,0.07155498,0.28789183
46382,0.020362008,0.018529499
46383,0.71373373,0.9455017
46384,0.4832751,0.48779178
46385,0.01849268,0.54454243
46386,0.36472625,0.8680299
46387,0.026025955,0.27758121
46388,0.3533397,0.5704589
46389,0.227831,0.40859658
46390,0.051618874,0.75355333
46391,0.07410022,0.7789178
46392,0.00090570195,0.012463478
46393,0.776805,0.68050635
46394,0.70772,0.9423941
46395,0.0104522,0.7370747
46396,0.54365116,0.73271585
46397,0.0213443,0.9355455
46398,0.041578587,0.60272586
46399,0.20724355,0.8706504
46400,0.28599805,0.54678434
46401,0.18089493,0.7090901
46402,0.6073457,0.7682885
46403,0.92475927,0.92532134
46404,0.17596667,0.869045
46405,0.63057166,0.9278108
46406,0.02300643,0.018109567
46407,0.3134619,0.75450885
46408,0.42143437,0.44527212
46409,0.019826895,0.9331417
46410,0.056643356,0.10943129
46411,0.84971297,0.6329337
46412,0.0016164867,0.124610476
46413,0.82551175,0.7267223
46414,0.0002148228,0.0019751415
46415,0.055122197,0.2793789
46416,0.30932033,0.92104906
46417,0.0018157952,0.12107636
46418,0.020781524,0.69334763
46419,0.016536495,0.73789364
46420,0.015774142,0.03542892
46421,0.60046417,0.95791805
46422,0.5007206,0.28619695
46423,0.0238496,0.7732
46424,0.071313545,0.085088484
46425,0.9569896,0.9941856
46426,0.5140514,0.77557576
46427,0.040307015,0.30932343
46428,0.035578817,0.38342464
46429,0.26446086,0.4905837
46430,0.09530526,0.21675026
46431,0.006866847,0.13060656
46432,0.8972409,0.932834
46433,0.65545493,0.3031792
46434,0.8513327,0.90579915
46435,0.06013246,0.7586323
46436,0.014256628,0.12150927
46437,0.1564554,0.47502074
46438,0.46725842,0.78450066
46439,0.15768564,0.4904104
46440,0.069538675,0.26090506
46441,0.020034414,0.11349515
46442,0.31876963,0.65327203
46443,0.23157617,0.87460166
46444,0.005522439,0.03144292
46445,0.02876767,0.4386158
46446,0.11214501,0.0190775
46447,0.090714976,0.34260753
46448,0.052782305,0.6934938
46449,0.0015054159,0.02708344
46450,0.038413856,0.08649639
46451,0.26832315,0.27235073
46452,0.27010056,0.45781058
46453,0.018071827,0.274202
46454,0.012586052,0.012615722
46455,0.043110386,0.07667699
46456,0.025785157,0.3911177
46457,0.116919875,0.67511266
46458,0.0669228,0.9489544
46459,0.21188854,0.8951096
46460,0.9296251,0.9605303
46461,0.35505477,0.56956404
46462,0.004677296,0.77096856
46463,0.60715723,0.8146401
46464,0.03125167,0.61403954
46465,0.062212795,0.5000305
46466,0.25937265,0.8931141
46467,0.4322485,0.7482592
46468,0.0039149593,0.018262077
46469,0.020323124,0.6526632
46470,0.045273636,0.80740696
46471,0.08470882,0.42349398
46472,0.009971423,0.10638812
46473,0.8695294,0.98111546
46474,0.96681464,0.96977407
46475,0.034264445,0.4244951
46476,0.96726,0.96312535
46477,0.2970248,0.91016364
46478,0.8600469,0.9106395
46479,0.5578303,0.9702838
46480,0.00956186,0.12487693
46481,0.028076088,0.06773454
46482,0.128021,0.19622761
46483,0.003643128,0.23268978
46484,0.11039225,0.40750563
46485,0.0056533185,0.030314118
46486,0.38830802,0.97661465
46487,0.25490636,0.16135724
46488,0.13661255,0.37338978
46489,0.009249459,0.067974746
46490,0.0018990987,0.08145118
46491,0.36875913,0.06273892
46492,0.45641696,0.83377665
46493,0.021156734,0.1816693
46494,0.00039249184,0.007449603
46495,0.0360633,0.7213547
46496,0.019790538,0.047894027
46497,0.05936656,0.15753685
46498,0.019049287,0.016197871
46499,0.010253096,0.21489507
46500,0.9800923,0.798555
46501,0.28921905,0.6782481
46502,0.02473914,0.10637044
46503,0.103667445,0.06715069
46504,0.22004963,0.4388289
46505,0.805688,0.60183144
46506,0.0105038555,0.11694279
46507,0.46524587,0.41083363
46508,0.030363668,0.075482786
46509,0.37163246,0.11957193
46510,0.027486429,0.25102073
46511,0.005443391,0.8938743
46512,0.019944226,0.7398753
46513,0.060928687,0.62050927
46514,0.9515418,0.95940024
46515,0.38686097,0.958062
46516,0.03783018,0.6344513
46517,0.12564127,0.9143965
46518,0.089834854,0.7993118
46519,0.029225882,0.5635377
46520,0.01760853,0.049292542
46521,0.043454636,0.88599616
46522,0.22114709,0.6066578
46523,0.32607597,0.9387527
46524,0.052154757,0.71282375
46525,0.079320066,0.87739694
46526,0.042110458,0.10216982
46527,0.21783306,0.5928153
46528,0.805834,0.5200361
46529,0.07576789,0.2275453
46530,0.8825145,0.9686226
46531,0.043270808,0.7897761
46532,0.65373343,0.18219338
46533,0.08430422,0.01658337
46534,0.020120062,0.9346044
46535,0.044739325,0.31362456
46536,0.18603812,0.88988477
46537,0.072263874,0.11597431
46538,0.008225826,0.021576034
46539,0.038012568,0.13770483
46540,0.11403353,0.69871926
46541,0.010618071,0.024145715
46542,0.028623031,0.9411315
46543,0.0762738,0.13575608
46544,0.6147101,0.9507792
46545,0.14661941,0.721632
46546,0.018419312,0.24915516
46547,0.7723466,0.9497246
46548,0.24209212,0.963562
46549,0.21532665,0.86581796
46550,0.040563382,0.053304117
46551,0.4177939,0.31483045
46552,0.020961363,0.7539974
46553,0.1582762,0.37587485
46554,0.27033806,0.546929
46555,0.053311564,0.26472956
46556,0.070115216,0.8201373
46557,0.0105889365,0.03389246
46558,0.49059814,0.40543377
46559,0.033522453,0.3843019
46560,0.021691477,0.016212946
46561,0.23225203,0.118391685
46562,0.20912084,0.9755086
46563,0.6744208,0.64885855
46564,0.36961216,0.658273
46565,0.21797986,0.15758833
46566,0.28937104,0.20087597
46567,0.01581114,0.05711831
46568,0.94761187,0.9966011
46569,0.02195925,0.02721341
46570,0.11237923,0.13436192
46571,0.006274316,0.7965778
46572,0.079335235,0.20145777
46573,0.012870252,0.89540327
46574,0.006818418,0.26524112
46575,0.023727749,0.013579231
46576,0.02465537,0.36856082
46577,0.0037413875,0.03940639
46578,0.03862877,0.73400664
46579,0.76082563,0.8958421
46580,0.3152622,0.82041234
46581,0.025877388,0.6996176
46582,0.010907826,0.09541824
46583,0.06367765,0.66045374
46584,0.0021419565,0.315057
46585,0.010801974,0.023714662
46586,0.21816857,0.89537066
46587,0.029943788,0.6692839
46588,0.030727286,0.09239566
46589,0.0035375836,0.06865267
46590,0.41818687,0.76083416
46591,0.23711127,0.122205414
46592,0.012154227,0.7451738
46593,0.0059793377,0.04046222
46594,0.0042263404,0.41113606
46595,0.016138867,0.07263048
46596,0.9138634,0.9867915
46597,0.8209659,0.78332084
46598,0.12067781,0.95786816
46599,0.021729857,0.46556282
46600,0.10337953,0.24499016
46601,0.005584857,0.047400977
46602,0.6488294,0.9959103
46603,0.096282095,0.5110254
46604,0.04680587,0.15028684
46605,0.39290163,0.21662064
46606,0.007557241,0.61657727
46607,0.10928166,0.113808
46608,0.0030598454,0.05257186
46609,0.03121317,0.35032186
46610,0.04476647,0.556494
46611,0.36163127,0.23157167
46612,0.047564223,0.09479411
46613,0.069827706,0.8668435
46614,0.01440912,0.92323244
46615,0.25107563,0.5115182
46616,0.057080366,0.06304779
46617,0.057742856,0.4689202
46618,0.4566826,0.28345197
46619,0.051656038,0.1913319
46620,0.14114493,0.17791371
46621,0.016162947,0.05716588
46622,0.8213947,0.82346547
46623,0.06076371,0.5234511
46624,0.116133824,0.67220473
46625,0.0017653392,0.014669829
46626,0.8812369,0.9064206
46627,0.27131575,0.06980044
46628,0.33172536,0.24475735
46629,0.34173018,0.23020612
46630,0.14380184,0.71730274
46631,0.11775523,0.69752514
46632,0.0027414893,0.9262681
46633,0.0501131,0.1757658
46634,0.009919597,0.91776633
46635,0.9802572,0.9403357
46636,0.016891966,0.17806433
46637,0.1291751,0.30496222
46638,0.00019499248,0.0084917005
46639,0.042876393,0.6134861
46640,0.7159161,0.92854846
46641,0.028568007,0.9585885
46642,0.18489951,0.7862669
46643,0.37815002,0.6011827
46644,0.019028137,0.021282852
46645,0.28273,0.80606276
46646,0.016733693,0.23841015
46647,0.2340339,0.9433466
46648,0.6118699,0.91634274
46649,0.031357486,0.1192033
46650,0.075627066,0.41482025
46651,0.0043226457,0.020277737
46652,0.029581346,0.15467964
46653,0.015702972,0.10823987
46654,0.3334973,0.33436003
46655,0.021111691,0.13715585
46656,0.19008183,0.62612695
46657,0.041119117,0.20208389
46658,0.1270192,0.8692839
46659,0.15653832,0.25113437
46660,0.10842997,0.7597493
46661,0.054106776,0.37835345
46662,0.0052831806,0.046043117
46663,0.6063555,0.38876617
46664,0.18525551,0.9189427
46665,0.024350636,0.94692695
46666,0.27865055,0.35163128
46667,0.051926672,0.8089934
46668,0.044931825,0.037177183
46669,0.06469228,0.14963791
46670,0.6389028,0.57077765
46671,0.89676136,0.96720034
46672,0.31023756,0.7442215
46673,0.015385648,0.8953576
46674,0.008439468,0.153637
46675,0.01305646,0.031197015
46676,0.0075535406,0.19197956
46677,0.0010366208,0.09991973
46678,0.24883689,0.47224522
46679,0.90107924,0.9834319
46680,0.0048321723,0.034585945
46681,0.35225597,0.2990327
46682,0.9914038,0.9966313
46683,0.11872683,0.06348035
46684,0.029687079,0.24387896
46685,0.16656402,0.30489233
46686,0.095954254,0.18126892
46687,0.11521124,0.05490822
46688,0.029848455,0.62620306
46689,0.023023795,0.12664522
46690,0.939181,0.9500598
46691,0.015144412,0.22048946
46692,0.07356961,0.62635463
46693,0.032224912,0.15134493
46694,0.043022085,0.10959488
46695,0.010032639,0.13599564
46696,0.12869106,0.7548821
46697,0.043629013,0.045525815
46698,0.12490747,0.9365182
46699,0.1437954,0.9686529
46700,0.36207473,0.48239207
46701,0.019668804,0.8737702
46702,0.13693826,0.14394638
46703,0.6171532,0.9001404
46704,0.19074722,0.6752416
46705,0.59150636,0.96563697
46706,0.016336259,0.92939603
46707,0.24946696,0.14030729
46708,0.024942458,0.8282823
46709,0.19330624,0.16665168
46710,0.42591107,0.24094422
46711,0.25831017,0.73342687
46712,0.7484914,0.6191236
46713,0.016054543,0.125654
46714,0.023177672,0.33067352
46715,0.8106739,0.966927
46716,0.038810063,0.14520235
46717,0.29617023,0.29765183
46718,0.11436119,0.70170224
46719,0.009951428,0.39733943
46720,0.04253356,0.10054144
46721,0.04975709,0.79654664
46722,0.029105403,0.080722466
46723,0.0120443,0.5745801
46724,0.084381685,0.0694783
46725,0.69804364,0.39081708
46726,0.7187212,0.9235796
46727,0.0446037,0.11898862
46728,0.09219728,0.4114075
46729,0.06258413,0.35880318
46730,0.081817135,0.22090007
46731,0.08452246,0.43905935
46732,0.026816487,0.1647456
46733,0.003465888,0.023921585
46734,0.035968944,0.851269
46735,0.0012987303,0.016035542
46736,0.021279898,0.13163193
46737,0.0049297893,0.07756172
46738,0.7798432,0.9098056
46739,0.77512807,0.6502249
46740,0.06324203,0.98243505
46741,0.187454,0.57076055
46742,0.15862562,0.8219308
46743,0.88952345,0.98346925
46744,0.002088981,0.9500306
46745,0.20916781,0.66030383
46746,0.05993348,0.27558097
46747,0.30030403,0.060440537
46748,0.017931363,0.2070521
46749,0.05276558,0.03604694
46750,0.036798313,0.4364307
46751,0.35476047,0.24927944
46752,0.040381715,0.8267591
46753,0.27652538,0.309648
46754,0.1369114,0.7974044
46755,0.7241449,0.36499918
46756,0.17395115,0.6893508
46757,0.8335212,0.95077145
46758,0.047663942,0.21383339
46759,0.062454153,0.05860356
46760,0.10070651,0.068570845
46761,0.009838998,0.03914178
46762,0.035634372,0.031260934
46763,0.75781035,0.80984855
46764,0.1862547,0.13109188
46765,0.025138326,0.23884544
46766,0.00900137,0.92143977
46767,0.21729705,0.50305605
46768,0.023172842,0.1956641
46769,0.29800692,0.5272006
46770,0.30593807,0.95341015
46771,0.18154037,0.2630539
46772,0.03922847,0.07317719
46773,0.0026601194,0.031136869
46774,0.08821223,0.64458334
46775,0.120061874,0.39957443
46776,0.8916524,0.90476906
46777,0.14680703,0.5772134
46778,0.22725363,0.6135408
46779,0.326964,0.61374396
46780,0.829696,0.49723223
46781,0.7204926,0.9868932
46782,0.08753099,0.9513416
46783,0.10318661,0.17827609
46784,0.00640885,0.050637502
46785,0.008606177,0.10384966
46786,0.009809799,0.18028544
46787,0.097184405,0.23198374
46788,0.23968402,0.7533894
46789,0.026990399,0.91648906
46790,0.48019034,0.8751146
46791,0.08339729,0.081379764
46792,0.10001291,0.41733468
46793,0.007328736,0.637582
46794,0.039947446,0.4942249
46795,0.28148064,0.7114468
46796,0.009520309,0.70049936
46797,0.047973305,0.6530337
46798,0.019664103,0.58831364
46799,0.6490148,0.66758764
46800,0.29461664,0.5881594
46801,0.4456097,0.72695214
46802,0.26881996,0.5375861
46803,0.8015675,0.9287981
46804,0.008987221,0.6415847
46805,0.017259916,0.14930849
46806,0.015206463,0.47376344
46807,0.3818608,0.81303614
46808,0.1275664,0.046634234
46809,0.8083571,0.12439728
46810,0.048960324,0.09109136
46811,0.006464044,0.73232704
46812,0.037461426,0.78260356
46813,0.006317689,0.16036388
46814,0.123693734,0.5856475
46815,0.027822882,0.40945277
46816,0.04264027,0.9195882
46817,0.1033574,0.10635195
46818,0.015948297,0.16589217
46819,0.037819445,0.13569851
46820,0.011322468,0.7972861
46821,0.021833709,0.030444685
46822,0.27119648,0.923071
46823,0.0008058736,0.04487826
46824,0.03954896,0.15437037
46825,0.23308915,0.62101287
46826,0.16672193,0.7377139
46827,0.18600123,0.26967242
46828,0.020416548,0.2359679
46829,0.10268525,0.4325069
46830,0.061590396,0.58108854
46831,0.09191415,0.93885463
46832,0.15434763,0.68073666
46833,0.01221022,0.44638386
46834,0.23470494,0.77594966
46835,0.7102224,0.90991586
46836,0.026558649,0.777463
46837,0.12378793,0.41349706
46838,0.5310997,0.39669695
46839,0.008656535,0.9739197
46840,0.3138887,0.7833969
46841,0.011926755,0.05478659
46842,0.17976663,0.40661666
46843,0.061314568,0.08601155
46844,0.054760285,0.62006944
46845,0.07453077,0.6261041
46846,0.025328368,0.3455088
46847,0.61903745,0.72487307
46848,0.22115362,0.03756603
46849,0.02206559,0.051904406
46850,0.26431736,0.58571756
46851,0.73863006,0.9492842
46852,0.16028804,0.9155983
46853,0.026997982,0.16380066
46854,0.006362458,0.067279465
46855,0.010355111,0.7764745
46856,0.20354761,0.21796958
46857,0.18085404,0.62462544
46858,0.08697098,0.050958104
46859,0.08418606,0.15476435
46860,0.023304906,0.7311357
46861,0.3247955,0.37505752
46862,0.18136401,0.09657025
46863,0.062372066,0.36573938
46864,0.012484678,0.028413365
46865,0.5889351,0.14341792
46866,0.065153316,0.043070003
46867,0.021002013,0.33161238
46868,0.79214966,0.93964684
46869,0.009558623,0.3459252
46870,0.32416666,0.47399354
46871,0.02400172,0.8277922
46872,0.005249055,0.023147037
46873,0.027759772,0.5151563
46874,0.019670537,0.18630587
46875,0.1791592,0.64038736
46876,0.16838072,0.7081503
46877,0.023488762,0.021837767
46878,0.019862154,0.1574564
46879,0.9383928,0.9805392
46880,0.4553143,0.33246815
46881,0.59308845,0.32481486
46882,0.01969264,0.6077393
46883,0.10429542,0.11659765
46884,0.061101057,0.05321644
46885,0.007672639,0.08739575
46886,0.056532603,0.43738797
46887,0.17990485,0.40461996
46888,0.77061766,0.6830543
46889,0.015783634,0.90247333
46890,0.025572682,0.11650334
46891,0.14929879,0.20172468
46892,0.9281971,0.9029775
46893,0.03548174,0.22784641
46894,0.0008576542,0.12551434
46895,0.13585149,0.9386582
46896,0.07118682,0.41555017
46897,0.88685554,0.470634
46898,0.6170935,0.89035964
46899,0.07905879,0.8134311
46900,0.16987059,0.13047113
46901,0.12182075,0.4626499
46902,0.024204237,0.79034996
46903,0.16095746,0.8950465
46904,0.010185755,0.19254774
46905,0.06515211,0.5074306
46906,0.038723875,0.1310036
46907,0.019255774,0.06943191
46908,0.12887281,0.42117643
46909,0.050088365,0.8254411
46910,0.08912064,0.95901304
46911,0.011347647,0.39815295
46912,0.006591033,0.66903347
46913,0.019830083,0.6773789
46914,0.1217848,0.40373698
46915,0.20590311,0.06603972
46916,0.019521037,0.327198
46917,0.31683505,0.21504258
46918,0.022710353,0.04932946
46919,0.07726867,0.94905233
46920,0.13475858,0.8011392
46921,0.058644705,0.060893122
46922,0.01890773,0.10538787
46923,0.008974583,0.14089647
46924,0.006226088,0.5537932
46925,0.013399069,0.08810385
46926,0.31017417,0.890121
46927,0.032047503,0.021898128
46928,0.102812715,0.99028033
46929,0.35968685,0.9069052
46930,0.10197879,0.6473836
46931,0.023337143,0.9228097
46932,0.3465692,0.83258146
46933,0.341351,0.84464717
46934,0.055811465,0.10339635
46935,0.074424565,0.49461517
46936,0.052459337,0.46520722
46937,0.1411335,0.24527802
46938,0.00971747,0.014034156
46939,0.25324586,0.8200635
46940,0.005312845,0.03162869
46941,0.03772256,0.8697426
46942,0.15862915,0.23612724
46943,0.5112809,0.82601386
46944,0.743467,0.953352
46945,0.006536372,0.023058888
46946,0.012658351,0.74953765
46947,0.57424486,0.8012548
46948,0.82126707,0.9311854
46949,0.047911797,0.30056542
46950,0.09189071,0.1434725
46951,0.017658759,0.18751508
46952,0.008061945,0.7056656
46953,0.3081497,0.17244552
46954,0.37205493,0.7963382
46955,0.0021207682,0.24321537
46956,0.92421114,0.8174668
46957,0.78308624,0.92397285
46958,0.12181124,0.703963
46959,0.008653794,0.22968367
46960,0.050017897,0.09562818
46961,0.025767475,0.3341724
46962,0.1228082,0.22094059
46963,0.5783966,0.74255854
46964,0.047914624,0.6837492
46965,0.09728072,0.8060815
46966,0.4719138,0.28938344
46967,0.24834643,0.3750172
46968,0.9399235,0.87961024
46969,0.03444278,0.1584882
46970,0.012838516,0.19292024
46971,0.39182645,0.37793475
46972,0.9447273,0.9871656
46973,0.3081379,0.20361534
46974,0.74169874,0.7185098
46975,0.04702026,0.91705775
46976,0.6253792,0.47458765
46977,0.008971546,0.59469324
46978,0.0058932723,0.94178057
46979,0.011706044,0.0068119466
46980,0.44516498,0.62565994
46981,0.003891387,0.047608946
46982,0.104950525,0.78500783
46983,0.004975164,0.11858565
46984,0.5297023,0.90007573
46985,0.033948626,0.48212153
46986,0.20420527,0.40127528
46987,0.14344671,0.38466287
46988,0.03300368,0.6414788
46989,0.05801457,0.3324313
46990,0.024539923,0.8078659
46991,0.15378717,0.9176434
46992,0.8472605,0.92269725
46993,0.0077317692,0.04359426
46994,0.053346146,0.5183549
46995,0.026634125,0.124265544
46996,0.17676617,0.3388174
46997,0.025076354,0.19630358
46998,0.3230536,0.31681356
46999,0.08982417,0.62816185
47000,0.7525099,0.89010155
47001,0.14387938,0.14775865
47002,0.21276568,0.8935643
47003,0.00716918,0.07735084
47004,0.028417319,0.18029857
47005,0.07606354,0.21583116
47006,0.04211014,0.06427134
47007,0.011665126,0.062998876
47008,0.09499983,0.27084416
47009,0.027949443,0.95034
47010,0.020454304,0.22964977
47011,0.06603078,0.88403296
47012,0.046011448,0.33143395
47013,0.29609418,0.55477107
47014,0.6610676,0.48969656
47015,0.16159314,0.9037012
47016,0.22884424,0.95107114
47017,0.018704103,0.1968445
47018,0.34059614,0.96935755
47019,0.025409974,0.9658968
47020,0.0684106,0.022159262
47021,0.2710735,0.13175254
47022,0.026130198,0.5926899
47023,0.030802805,0.06396708
47024,0.03514998,0.37965208
47025,0.49843588,0.89996946
47026,0.09453422,0.8360245
47027,0.016203465,0.78110635
47028,0.25595576,0.13337111
47029,0.7746114,0.93244946
47030,0.014532055,0.9130922
47031,0.099784516,0.94524425
47032,0.047136426,0.9029393
47033,0.037686948,0.045908976
47034,0.29935846,0.11707667
47035,0.114789836,0.19612129
47036,0.023833793,0.09875659
47037,0.08050009,0.7819685
47038,0.03451562,0.040777873
47039,0.0131533,0.2139103
47040,0.37547803,0.8395914
47041,0.28997868,0.45692408
47042,0.0008224259,0.0754352
47043,0.3622415,0.14557417
47044,0.06955987,0.12896813
47045,0.0093323905,0.08468912
47046,0.011974495,0.014211973
47047,0.15429346,0.9638884
47048,0.06795453,0.7399
47049,0.02138116,0.6070581
47050,0.41133934,0.5530365
47051,0.13489985,0.3503427
47052,0.8589397,0.99269485
47053,0.010150917,0.06975553
47054,0.06266893,0.14668924
47055,0.92779857,0.970679
47056,0.7893043,0.6787608
47057,0.92043245,0.5637616
47058,0.16269489,0.18569079
47059,0.010742812,0.033050645
47060,0.4300548,0.5982605
47061,0.28229415,0.22645625
47062,0.047010142,0.9727349
47063,0.1510737,0.43010786
47064,0.14362864,0.09897226
47065,0.113735475,0.45834148
47066,0.82034963,0.7543567
47067,0.03987886,0.06979103
47068,0.5298762,0.89268154
47069,0.45832717,0.21646705
47070,0.010474739,0.62706274
47071,0.8882433,0.9581189
47072,0.015540737,0.18527064
47073,0.51771736,0.70863855
47074,0.93965685,0.9540472
47075,0.8281954,0.7984523
47076,0.06672923,0.14837523
47077,0.15587261,0.15242402
47078,0.45081264,0.083284564
47079,0.015560433,0.012615958
47080,0.020705078,0.66606396
47081,0.00072881504,0.02107242
47082,0.9773843,0.9612411
47083,0.06424484,0.15636626
47084,0.16608188,0.18218349
47085,0.98540384,0.8385686
47086,0.9698354,0.88661915
47087,0.022405092,0.42516342
47088,0.093802504,0.5577237
47089,0.4602632,0.71560365
47090,0.31232974,0.26311338
47091,0.018148739,0.020476088
47092,0.008753175,0.032521382
47093,0.02479115,0.910758
47094,0.1178465,0.6238048
47095,0.55614537,0.93115205
47096,0.32456037,0.25089613
47097,0.013583409,0.062438585
47098,0.27983227,0.028965913
47099,0.07222342,0.14012964
47100,0.21802942,0.23332377
47101,0.019651301,0.8855374
47102,0.048019852,0.06877874
47103,0.33871982,0.06446782
47104,0.015768679,0.29309773
47105,0.019534111,0.029569604
47106,0.117270835,0.04173763
47107,0.43257746,0.3572632
47108,0.037269436,0.015350855
47109,0.03693127,0.23584817
47110,0.16562359,0.6781367
47111,0.0226471,0.77055115
47112,0.016164053,0.3461304
47113,0.86411685,0.86076134
47114,0.04782037,0.07449794
47115,0.021803906,0.76663333
47116,0.09416871,0.03759033
47117,0.08727157,0.90875053
47118,0.040307015,0.77216506
47119,0.08031831,0.18173441
47120,0.017881645,0.15462653
47121,0.69968736,0.85473204
47122,0.029301759,0.81778574
47123,0.016630702,0.074208714
47124,0.035828598,0.48962227
47125,0.7030805,0.56453276
47126,0.026394347,0.06969667
47127,0.0067617977,0.12129965
47128,0.34087247,0.9916624
47129,0.005203505,0.02706101
47130,0.08110064,0.06903744
47131,0.011475903,0.22228275
47132,0.16352259,0.95498854
47133,0.042580195,0.08680049
47134,0.04368869,0.87995005
47135,0.80637485,0.9664555
47136,0.048140023,0.6626416
47137,0.04615838,0.9833636
47138,0.962301,0.7445052
47139,0.17194477,0.67569613
47140,0.035330042,0.22226344
47141,0.03240901,0.9672258
47142,0.23603624,0.58789605
47143,0.2852168,0.24769373
47144,0.00529474,0.012605943
47145,0.048824582,0.3717248
47146,0.014302684,0.062259797
47147,0.013946153,0.34407
47148,0.23822646,0.50463414
47149,0.5501374,0.78732294
47150,0.9262567,0.98671293
47151,0.83966,0.91132647
47152,0.22943673,0.23318282
47153,0.0044956817,0.002277606
47154,0.03495849,0.034760054
47155,0.014115112,0.5123261
47156,0.49982518,0.80381775
47157,0.11246674,0.82084024
47158,0.15851022,0.09406284
47159,0.91552466,0.7912809
47160,0.02923256,0.118463784
47161,0.11981784,0.25232622
47162,0.24282159,0.7686709
47163,0.05871474,0.20037879
47164,0.016702684,0.92764837
47165,0.020315662,0.035487294
47166,0.08414752,0.17228933
47167,0.07575565,0.033371385
47168,0.023270678,0.19266582
47169,0.011099213,0.32716092
47170,0.050633356,0.08894517
47171,0.098540634,0.6482332
47172,0.12543282,0.77829385
47173,0.15739493,0.2610498
47174,0.0012316557,0.12935087
47175,0.0078403875,0.022316545
47176,0.20786846,0.19667435
47177,0.0025861938,0.077290155
47178,0.42926276,0.6436748
47179,0.0037317437,0.8736869
47180,0.3548389,0.5974313
47181,0.003928145,0.11623111
47182,0.00047463572,0.053496428
47183,0.022168497,0.036019158
47184,0.041429214,0.32316905
47185,0.843779,0.95375335
47186,0.3173481,0.9597284
47187,0.05219592,0.12773365
47188,0.04017744,0.56100655
47189,0.11693307,0.18398839
47190,0.009494377,0.9065077
47191,0.017699154,0.8808473
47192,0.10788371,0.17742534
47193,0.002647427,0.06399488
47194,0.3319258,0.81677395
47195,0.158619,0.3205109
47196,0.14061427,0.84285134
47197,0.07137189,0.14260285
47198,0.39123502,0.8795457
47199,0.18854918,0.63060755
47200,0.019135982,0.071512826
47201,0.05231025,0.8171345
47202,0.44871882,0.66604644
47203,0.23725699,0.8619548
47204,0.8674284,0.21844341
47205,0.016898215,0.06914438
47206,0.19150755,0.24753816
47207,0.8486091,0.96267265
47208,0.03052139,0.4348064
47209,0.92077154,0.7498996
47210,0.3205023,0.10870885
47211,0.3808718,0.9154511
47212,0.046211258,0.6042171
47213,0.0055228053,0.14354064
47214,0.07411825,0.8421326
47215,0.492689,0.93158066
47216,0.024277927,0.5222503
47217,0.4060921,0.8835351
47218,0.1128312,0.8977178
47219,0.0022980038,0.018053733
47220,0.08462006,0.13633448
47221,0.07147815,0.8350092
47222,0.6907352,0.9608277
47223,0.8075943,0.9086968
47224,0.10111701,0.47100604
47225,0.058627345,0.81169957
47226,0.01925103,0.08958622
47227,0.049616855,0.15693879
47228,0.1606716,0.9417389
47229,0.05241238,0.059809357
47230,0.70183307,0.8739556
47231,0.9237711,0.814985
47232,0.46560377,0.13475937
47233,0.38008514,0.5606046
47234,0.067844495,0.09060453
47235,0.012506002,0.06533522
47236,0.11375979,0.23528166
47237,0.08767824,0.5623242
47238,0.23727056,0.4048472
47239,0.3538169,0.9715272
47240,0.17895544,0.33134273
47241,0.53912073,0.9271816
47242,0.6930026,0.60979116
47243,0.0936058,0.0439632
47244,0.4557943,0.34554785
47245,0.14912671,0.35049364
47246,0.18838242,0.36293423
47247,0.004069554,0.058965914
47248,0.025135819,0.063138455
47249,0.042976473,0.1223017
47250,0.00076413795,0.39135835
47251,0.07508967,0.7220274
47252,0.70606506,0.85212636
47253,0.13532612,0.7750697
47254,0.040384613,0.12837905
47255,0.08621618,0.5116393
47256,0.11706011,0.6008284
47257,0.024019292,0.35495684
47258,0.027300246,0.89947826
47259,0.022939766,0.11340465
47260,0.7592981,0.49426433
47261,0.007663912,0.0551965
47262,0.07059931,0.16817127
47263,0.22866349,0.41146097
47264,0.051236942,0.47648296
47265,0.002525409,0.085691385
47266,0.035055626,0.62245584
47267,0.023843724,0.059678413
47268,0.6094317,0.056379013
47269,0.20592579,0.3402828
47270,0.008107002,0.0113811735
47271,0.18373622,0.35005352
47272,0.08053516,0.722391
47273,0.07240406,0.84910494
47274,0.027461972,0.75990707
47275,0.09656526,0.07799528
47276,0.692144,0.9289353
47277,0.43830907,0.78475785
47278,0.002495168,0.024135392
47279,0.2311383,0.9157766
47280,0.0020838522,0.0536507
47281,0.5510987,0.58350676
47282,0.10359711,0.58295137
47283,0.03819533,0.2395337
47284,0.002095822,0.017099697
47285,0.01745393,0.26054552
47286,0.026601003,0.82078886
47287,0.21044542,0.21085504
47288,0.6058115,0.93240064
47289,0.67092127,0.93709445
47290,0.8792607,0.9270167
47291,0.027286114,0.30739403
47292,0.46747145,0.9168689
47293,0.119325966,0.4331989
47294,0.071423024,0.26917887
47295,0.012979619,0.12789047
47296,0.0059069316,0.8852993
47297,0.047569085,0.009808187
47298,0.19411029,0.87480396
47299,0.44555867,0.851401
47300,0.0621047,0.6085254
47301,0.016064035,0.94456416
47302,0.059097786,0.37561414
47303,0.112915836,0.52651894
47304,0.59471136,0.95779634
47305,0.043901462,0.31341228
47306,0.22121078,0.24722974
47307,0.862374,0.38843912
47308,0.041655004,0.2458314
47309,0.20776086,0.01186869
47310,0.6699095,0.59130484
47311,0.011619334,0.057986256
47312,0.48120478,0.98613364
47313,0.0011910405,0.03633429
47314,0.042736124,0.7945645
47315,0.10207258,0.28240183
47316,0.039325144,0.06271067
47317,0.120030046,0.29363143
47318,0.047190696,0.2252388
47319,0.038646888,0.792226
47320,0.03177206,0.9648748
47321,0.024002256,0.38452432
47322,0.09649517,0.5931713
47323,0.03600842,0.28501734
47324,0.018476428,0.26876011
47325,0.0023853977,0.009605056
47326,0.82359254,0.9564681
47327,0.004725953,0.040370204
47328,0.05765001,0.98273724
47329,0.021104775,0.79899997
47330,0.22973,0.3110245
47331,0.0075701666,0.021658752
47332,0.19690908,0.9413155
47333,0.029135732,0.6341388
47334,0.083830364,0.055108476
47335,0.020860316,0.71000195
47336,0.6239252,0.7211936
47337,0.13791911,0.4138903
47338,0.77071965,0.89156646
47339,0.008269216,0.056911614
47340,0.37008816,0.6533622
47341,0.00846095,0.7018644
47342,0.90329283,0.964022
47343,0.02985748,0.3187332
47344,0.10960172,0.41565955
47345,0.015497449,0.1856414
47346,0.43782362,0.7092985
47347,0.1900753,0.8842045
47348,0.19743934,0.3156154
47349,0.1711891,0.15941116
47350,0.03144025,0.6244055
47351,0.019907862,0.12805758
47352,0.017280165,0.15616137
47353,0.00083851255,0.71192443
47354,0.81368077,0.93174064
47355,0.025444401,0.9534476
47356,0.23175547,0.9189136
47357,0.2566288,0.19934782
47358,0.7957429,0.7895744
47359,0.030150346,0.5313629
47360,0.030224517,0.8001329
47361,0.016306555,0.033930928
47362,0.076411165,0.12821443
47363,0.25909823,0.7897231
47364,0.68181914,0.7220603
47365,0.03149445,0.8923279
47366,0.0013003226,0.07968266
47367,0.9608387,0.63977194
47368,0.26345676,0.5175265
47369,0.006257253,0.15169723
47370,0.025862614,0.77339935
47371,0.01170028,0.07218808
47372,0.27158213,0.31029573
47373,0.740983,0.9011984
47374,0.0042197234,0.05201017
47375,0.021700628,0.706579
47376,0.022775866,0.21654901
47377,0.0060288827,0.18970935
47378,0.54561037,0.9268671
47379,0.20704801,0.84081435
47380,0.024385018,0.22597992
47381,0.009144222,0.29219154
47382,0.009057909,0.09667941
47383,0.70268416,0.3888302
47384,0.083240345,0.21045876
47385,0.0021234571,0.05902018
47386,0.19886668,0.8042484
47387,0.033558514,0.9574433
47388,0.09860433,0.12290243
47389,0.006902305,0.76162964
47390,0.0054571624,0.05339471
47391,0.7140825,0.9713912
47392,0.03456405,0.33701625
47393,0.13016614,0.2776424
47394,0.076126456,0.24884026
47395,0.13088892,0.56223977
47396,0.7731655,0.1941525
47397,0.67118543,0.57619804
47398,0.45851415,0.74164355
47399,0.0795861,0.87380344
47400,0.16590291,0.77692497
47401,0.013854817,0.0115573155
47402,0.053972255,0.9436292
47403,0.03006613,0.32508406
47404,0.010490755,0.062230326
47405,0.04191203,0.14711748
47406,0.04648651,0.11976447
47407,0.41496706,0.40501738
47408,0.11884972,0.5791762
47409,0.867312,0.8730412
47410,0.010674751,0.65113634
47411,0.09360621,0.5201838
47412,0.114882044,0.958942
47413,0.0049114074,0.047399547
47414,0.014870241,0.67116845
47415,0.5699728,0.93658584
47416,0.009443616,0.7831748
47417,0.061840054,0.40243095
47418,0.015421208,0.092740424
47419,0.97721434,0.97940123
47420,0.012631817,0.12002528
47421,0.0069269547,0.115276724
47422,0.35056126,0.25570828
47423,0.7325761,0.48903164
47424,0.6564752,0.90803695
47425,0.043339796,0.20551418
47426,0.030303465,0.026358426
47427,0.61445695,0.51170224
47428,0.9553143,0.99262434
47429,0.019557668,0.10740271
47430,0.011954986,0.011664187
47431,0.034583837,0.04223445
47432,0.06681698,0.25781465
47433,0.5559928,0.946089
47434,0.040886573,0.4201124
47435,0.028917983,0.073290505
47436,0.01928017,0.3463162
47437,0.76866674,0.70384717
47438,0.10331889,0.0796422
47439,0.01802453,0.9551682
47440,0.008366849,0.1249677
47441,0.0033201422,0.07112489
47442,0.12051494,0.9600459
47443,0.53899705,0.8584371
47444,0.006089612,0.070693396
47445,0.0029213366,0.0992138
47446,0.001733768,0.0056706127
47447,0.0023882112,0.106996305
47448,0.009554015,0.061862204
47449,0.01259891,0.505826
47450,0.026422288,0.89117056
47451,0.044956226,0.45337427
47452,0.4540141,0.7827805
47453,0.91298634,0.91699654
47454,0.06877948,0.81793493
47455,0.06699805,0.43324605
47456,0.16743742,0.75397134
47457,0.21328768,0.74551
47458,0.0074413535,0.064183764
47459,0.85052353,0.7224659
47460,0.093145594,0.39396942
47461,0.57583505,0.9175486
47462,0.067438394,0.0756412
47463,0.24463652,0.5199781
47464,0.12456077,0.12149943
47465,0.17445515,0.56570697
47466,0.16097866,0.123564035
47467,0.8975664,0.42286718
47468,0.43735394,0.62060845
47469,0.03439596,0.8523412
47470,0.034650054,0.3353538
47471,0.45291376,0.60235614
47472,0.03730293,0.8230451
47473,0.046915043,0.26648676
47474,0.16497725,0.5717186
47475,0.012912314,0.02221426
47476,0.78287643,0.6845374
47477,0.16913925,0.44102293
47478,0.24413337,0.9641185
47479,0.106722295,0.109374404
47480,0.35645062,0.1762757
47481,0.003610225,0.05788414
47482,0.21821727,0.7664808
47483,0.55677557,0.7527397
47484,0.016155798,0.5733232
47485,0.12903844,0.2770033
47486,0.1511879,0.31776175
47487,0.79346085,0.91640246
47488,0.10989407,0.2895167
47489,0.5393466,0.5644699
47490,0.00071465125,0.032079276
47491,0.040663123,0.40517944
47492,0.80317485,0.975879
47493,0.004584373,0.069501
47494,0.2012783,0.858581
47495,0.0892534,0.23550428
47496,0.007316012,0.06041122
47497,0.07828965,0.95006627
47498,0.12029904,0.076175
47499,0.93535024,0.9697583
47500,0.15367343,0.21823487
47501,0.11660826,0.45194942
47502,0.113239765,0.13694693
47503,0.040593732,0.2749385
47504,0.51399153,0.696999
47505,0.117771454,0.4282162
47506,0.0068137664,0.043923754
47507,0.010216559,0.05204568
47508,0.012227625,0.9436708
47509,0.037225932,0.14702182
47510,0.30542076,0.38904634
47511,0.26984227,0.79020876
47512,0.8796564,0.93262756
47513,0.06527977,0.07243464
47514,0.053524368,0.32455793
47515,0.042012155,0.21502873
47516,0.6764036,0.54214543
47517,0.07558666,0.25364608
47518,0.4099099,0.20740348
47519,0.29992747,0.7688245
47520,0.060347877,0.7267499
47521,0.038170204,0.09486709
47522,0.38221705,0.57754064
47523,0.39608872,0.8738929
47524,0.54421186,0.3659981
47525,0.13552138,0.16214582
47526,0.04384276,0.4342049
47527,0.29000118,0.64045286
47528,0.019902736,0.95212245
47529,0.013107262,0.12919398
47530,0.30183014,0.71731544
47531,0.015483472,0.51599425
47532,0.032641027,0.23570956
47533,0.013367387,0.7501923
47534,0.00340919,0.7741526
47535,0.49067986,0.7797175
47536,0.28926736,0.47130963
47537,0.0375273,0.09546085
47538,0.7535017,0.17922035
47539,0.9083401,0.98231804
47540,0.012787781,0.47306824
47541,0.009566436,0.023770727
47542,0.9510157,0.907746
47543,0.0043475083,0.1833882
47544,0.01330981,0.18197991
47545,0.7373344,0.8403259
47546,0.13185863,0.814846
47547,0.51055324,0.72553694
47548,0.057213053,0.13390738
47549,0.029678693,0.15825184
47550,0.1770406,0.19524005
47551,0.29740775,0.97261715
47552,0.09693006,0.6031084
47553,0.07354685,0.09399034
47554,0.82531595,0.4179506
47555,0.027723817,0.022658959
47556,0.058524914,0.34317136
47557,0.009851042,0.9591746
47558,0.85748976,0.88118947
47559,0.9700851,0.9947865
47560,0.7069653,0.88184917
47561,0.010906051,0.8956112
47562,0.085941665,0.45323566
47563,0.04858816,0.09810331
47564,0.007930687,0.2375123
47565,0.035675358,0.8602537
47566,0.78598183,0.76876795
47567,0.00064180716,0.6470631
47568,0.033693492,0.075988784
47569,0.22800602,0.057724364
47570,0.013506609,0.09268186
47571,0.42576382,0.8171639
47572,0.92880243,0.76015264
47573,0.42911077,0.8263302
47574,0.5899478,0.5475356
47575,0.28086337,0.5514909
47576,0.35698664,0.23548995
47577,0.01526801,0.9832638
47578,0.04485125,0.14155866
47579,0.19052924,0.8616849
47580,0.026186984,0.45008853
47581,0.044329733,0.14866482
47582,0.060637787,0.65149075
47583,0.0446451,0.23330355
47584,0.5192713,0.7006634
47585,0.0063639837,0.91634053
47586,0.41000488,0.9639915
47587,0.9339873,0.9812211
47588,0.043832395,0.60539144
47589,0.39974245,0.6151609
47590,0.08012313,0.7933637
47591,0.08975669,0.1612087
47592,0.0007163187,0.04941016
47593,0.063754946,0.07331908
47594,0.013666865,0.15719572
47595,0.027875734,0.54900116
47596,0.17898813,0.56383824
47597,0.09484344,0.4368011
47598,0.022207234,0.7744665
47599,0.13716196,0.13904834
47600,0.16268773,0.2410805
47601,0.017489577,0.44987318
47602,0.02018758,0.08900905
47603,0.05703228,0.15042199
47604,0.028051605,0.6900817
47605,0.0062303375,0.020208962
47606,0.24068235,0.27754304
47607,0.0018715195,0.0263225
47608,0.95920277,0.9433025
47609,0.03657433,0.21385457
47610,0.09342219,0.095670536
47611,0.028593706,0.8182965
47612,0.0110152485,0.14422826
47613,0.9504328,0.7235963
47614,0.17540868,0.18813442
47615,0.43277773,0.9441003
47616,0.043948945,0.88742524
47617,0.09027694,0.5562482
47618,0.01342902,0.89299864
47619,0.00950199,0.12547979
47620,0.097329736,0.27293023
47621,0.3265975,0.4245385
47622,0.09021949,0.09955135
47623,0.009790448,0.9274963
47624,0.016042111,0.07328903
47625,0.00086457067,0.029059367
47626,0.041383784,0.12691885
47627,0.24539322,0.80902267
47628,0.01042063,0.6287612
47629,0.098549776,0.9552767
47630,0.043059092,0.06853903
47631,0.019120011,0.004027194
47632,0.61616844,0.79161876
47633,0.021784155,0.2555656
47634,0.09906679,0.93701017
47635,0.04791532,0.05581957
47636,0.9326154,0.81445754
47637,0.10462857,0.44999492
47638,0.13100548,0.17462932
47639,0.08613258,0.22268982
47640,0.18399392,0.52912164
47641,0.114657864,0.6522391
47642,0.021509346,0.7206926
47643,0.9304816,0.96220535
47644,0.060652867,0.6332183
47645,0.41105482,0.9450244
47646,0.16119494,0.41900927
47647,0.044963688,0.7365925
47648,0.019806517,0.5453019
47649,0.21388139,0.4024648
47650,0.83539957,0.9332668
47651,0.01702337,0.03047483
47652,0.015379494,0.24116123
47653,0.6912535,0.9336006
47654,0.07953896,0.22619934
47655,0.06711915,0.26425356
47656,0.045869146,0.74147314
47657,0.07194012,0.6476169
47658,0.73295295,0.89562935
47659,0.036736388,0.97692025
47660,0.029936122,0.7284157
47661,0.72481257,0.695279
47662,0.0054917666,0.0813723
47663,0.03043904,0.839211
47664,0.06854462,0.061633244
47665,0.004951612,0.056710776
47666,0.5700231,0.9456448
47667,0.032982707,0.35227454
47668,0.66992843,0.7859766
47669,0.25336215,0.6317457
47670,0.55336106,0.82875216
47671,0.09876563,0.70829433
47672,0.060499597,0.09602961
47673,0.022994326,0.1444032
47674,0.47166336,0.8504791
47675,0.1425628,0.8326349
47676,0.058146793,0.5002582
47677,0.095596984,0.095938765
47678,0.021729385,0.21789688
47679,0.042112987,0.63382924
47680,0.5782147,0.47242245
47681,0.022299582,0.779417
47682,0.91671824,0.9231449
47683,0.020771516,0.05222039
47684,0.29151586,0.5908019
47685,0.04652172,0.7220991
47686,0.16418841,0.051586293
47687,0.046362203,0.18890561
47688,0.9765337,0.9329675
47689,0.0023698513,0.020637024
47690,0.00072683237,0.13024063
47691,0.3283686,0.60721034
47692,0.035640664,0.915741
47693,0.1045275,0.95072573
47694,0.084008716,0.24591243
47695,0.15718596,0.92579377
47696,0.009004544,0.1260105
47697,0.0038100446,0.06557659
47698,0.04774923,0.026224535
47699,0.28053778,0.6551416
47700,0.21523936,0.1812096
47701,0.00902074,0.7201993
47702,0.024584668,0.19352788
47703,0.066521354,0.09132712
47704,0.014272405,0.08297056
47705,0.037451982,0.9736423
47706,0.07443588,0.18052258
47707,0.038536727,0.16510679
47708,0.014034934,0.05893121
47709,0.08542393,0.69916475
47710,0.036363862,0.41863742
47711,0.029343722,0.1643656
47712,0.3187528,0.6587388
47713,0.4722357,0.71398866
47714,0.693896,0.75685704
47715,0.017028788,0.9216173
47716,0.021484701,0.29963222
47717,0.07052857,0.92265546
47718,0.39190367,0.7389326
47719,0.071389355,0.477847
47720,0.28585503,0.97614336
47721,0.51359034,0.7187158
47722,0.52619624,0.7892158
47723,0.15066056,0.27978092
47724,0.34446698,0.58400494
47725,0.45334288,0.41985428
47726,0.019193154,0.21934478
47727,0.09758128,0.74092734
47728,0.0044841445,0.46306083
47729,0.7258875,0.85700077
47730,0.06825293,0.21271874
47731,0.0020683282,0.06963245
47732,0.7194862,0.79585564
47733,0.48563054,0.4659434
47734,0.24596025,0.1523793
47735,0.018331299,0.3161179
47736,0.013772392,0.12926516
47737,0.02074241,0.09170031
47738,0.039505802,0.12218838
47739,0.90374655,0.9266322
47740,0.06112806,0.13136505
47741,0.53581923,0.8984923
47742,0.045524336,0.5198682
47743,0.18762933,0.19541045
47744,0.21061015,0.13786212
47745,0.6623178,0.77441597
47746,0.045679204,0.49090177
47747,0.93203855,0.95715
47748,0.9749033,0.9867541
47749,0.11921836,0.1934752
47750,0.59780544,0.17490712
47751,0.945187,0.97741723
47752,0.2831925,0.9479838
47753,0.016588159,0.23590489
47754,0.18771422,0.76505196
47755,0.057154495,0.96267486
47756,0.2932385,0.8616469
47757,0.08803924,0.88485074
47758,0.6891626,0.8759222
47759,0.09628784,0.12841183
47760,0.18954381,0.15605439
47761,0.21774118,0.93384486
47762,0.023724334,0.044574257
47763,0.029488651,0.8991093
47764,0.016592648,0.0783714
47765,0.12625396,0.37382138
47766,0.79948133,0.2499935
47767,0.0043289796,0.6747268
47768,0.5024779,0.3454695
47769,0.38767862,0.77502644
47770,0.19370936,0.89881045
47771,0.007403589,0.03103656
47772,0.0134664,0.5673005
47773,0.015226671,0.27450034
47774,0.026039965,0.15417519
47775,0.009418727,0.039669875
47776,0.763138,0.8071492
47777,0.1134302,0.17878261
47778,0.016950011,0.21785437
47779,0.007030163,0.15741107
47780,0.6323408,0.8819265
47781,0.027569989,0.08874596
47782,0.03465692,0.15826073
47783,0.40725973,0.374336
47784,0.010929778,0.16072394
47785,0.1116278,0.38950554
47786,0.48302555,0.085773155
47787,0.03782118,0.12635295
47788,0.022632439,0.38622886
47789,0.21086296,0.871659
47790,0.053217836,0.97272867
47791,0.11518006,0.37839887
47792,0.018440533,0.0854725
47793,0.02323259,0.19600382
47794,0.02773234,0.12331401
47795,0.017720133,0.6522208
47796,0.041127373,0.49598318
47797,0.02342363,0.8466258
47798,0.24153452,0.030380812
47799,0.064895585,0.13634533
47800,0.011472684,0.87920964
47801,0.59846,0.4947104
47802,0.54276556,0.76038426
47803,0.13080247,0.23664834
47804,0.1612485,0.08632813
47805,0.09605285,0.18294221
47806,0.029402357,0.0126548
47807,0.56141424,0.76713574
47808,0.107340254,0.14233848
47809,0.97038,0.98289007
47810,0.14291541,0.79483354
47811,0.28039563,0.8486611
47812,0.010226647,0.85415226
47813,0.08616276,0.19493045
47814,0.0879453,0.1123696
47815,0.12128068,0.21546732
47816,0.4541451,0.516974
47817,0.0052536083,0.044243522
47818,0.044304606,0.45414683
47819,0.7486549,0.15831484
47820,0.0034985093,0.22864234
47821,0.9326009,0.14258792
47822,0.022318374,0.807972
47823,0.009947824,0.16556682
47824,0.58760935,0.91044885
47825,0.011473804,0.20031247
47826,0.16203412,0.76371557
47827,0.6232828,0.7614355
47828,0.118769765,0.34896734
47829,0.017341511,0.08358336
47830,0.009979292,0.7488757
47831,0.008325883,0.11659592
47832,0.016088285,0.022411177
47833,0.40208247,0.93603027
47834,0.100267865,0.4039079
47835,0.000489834,0.048009206
47836,0.052302767,0.10931178
47837,0.01569161,0.510591
47838,0.009225121,0.64897317
47839,0.012565676,0.48731786
47840,0.046204414,0.8525919
47841,0.021151112,0.120603606
47842,0.0276315,0.3119426
47843,0.023382103,0.1208967
47844,0.18421316,0.8665035
47845,0.083873734,0.1491534
47846,0.044210456,0.769924
47847,0.88240623,0.9695283
47848,0.2601709,0.8487289
47849,0.022033935,0.010437695
47850,0.056538034,0.101468936
47851,0.89142644,0.8987508
47852,0.0028706219,0.548138
47853,0.38248342,0.9211954
47854,0.026768282,0.96229297
47855,0.21978481,0.101780534
47856,0.0007012843,0.02553128
47857,0.57030857,0.24432355
47858,0.108490534,0.8875198
47859,0.104675286,0.8584475
47860,0.10815722,0.09502185
47861,0.0055643073,0.027811559
47862,0.0018621483,0.010526687
47863,0.0150071625,0.20307103
47864,0.018923426,0.33549044
47865,0.17365937,0.56317335
47866,0.028601555,0.1800094
47867,0.15188754,0.22127089
47868,0.01450784,0.15453553
47869,0.04172289,0.7283949
47870,0.019489232,0.09144063
47871,0.71912426,0.86489743
47872,0.7494873,0.6645627
47873,0.052172866,0.14064336
47874,0.055227753,0.9479447
47875,0.03346123,0.63675064
47876,0.006935889,0.20116617
47877,0.058006193,0.15915479
47878,0.007936744,0.06127565
47879,0.5092097,0.74066794
47880,0.042425435,0.9845615
47881,0.018004369,0.24882148
47882,0.5709029,0.21891141
47883,0.038276117,0.07138248
47884,0.07841759,0.5475536
47885,0.30015865,0.24607868
47886,0.003319836,0.08002104
47887,0.0067816214,0.19572026
47888,0.07227815,0.114932425
47889,0.14984187,0.37747246
47890,0.03586708,0.4893355
47891,0.15408744,0.27524224
47892,0.58833945,0.9039825
47893,0.031437963,0.025667349
47894,0.009268071,0.053141534
47895,0.013281803,0.9491669
47896,0.0385103,0.18932255
47897,0.004342555,0.21065919
47898,0.01828966,0.02506755
47899,0.22076312,0.3757967
47900,0.080982454,0.18612912
47901,0.016250446,0.04632454
47902,0.024679601,0.41233554
47903,0.17626922,0.6264464
47904,0.0474714,0.9775139
47905,0.7651811,0.83503366
47906,0.21518058,0.5852113
47907,0.0126283495,0.8643864
47908,0.7853679,0.61570793
47909,0.08007335,0.96224153
47910,0.06400466,0.23756628
47911,0.07834187,0.44905394
47912,0.030518873,0.97752494
47913,0.10704491,0.45750338
47914,0.13346675,0.30931607
47915,0.38117304,0.69276506
47916,0.22907697,0.12764761
47917,0.10705537,0.32248285
47918,0.058050632,0.09366519
47919,0.066050015,0.10159721
47920,0.38736406,0.54309464
47921,0.008008845,0.03639031
47922,0.05292113,0.12568413
47923,0.026749052,0.22836685
47924,0.054567814,0.9759567
47925,0.055974267,0.8042598
47926,0.02237947,0.87174475
47927,0.12627222,0.3474386
47928,0.7970928,0.9101532
47929,0.16689657,0.87933767
47930,0.032573175,0.11315269
47931,0.0043853167,0.036092743
47932,0.005920244,0.13244961
47933,0.12092712,0.46173903
47934,0.13557537,0.1826494
47935,0.905961,0.80040205
47936,0.87832975,0.9800156
47937,0.85622627,0.7724551
47938,0.006349175,0.6951026
47939,0.07916954,0.898978
47940,0.4819693,0.71834105
47941,0.18723434,0.6990309
47942,0.020908937,0.06444838
47943,0.028635943,0.3979163
47944,0.049393166,0.66317886
47945,0.2489875,0.24171881
47946,0.7063346,0.92765707
47947,0.038101185,0.86325234
47948,0.09322657,0.87499934
47949,0.26031858,0.93031
47950,0.5713109,0.95387864
47951,0.26359865,0.022868557
47952,0.019359266,0.067802124
47953,0.044933733,0.05636319
47954,0.22647567,0.8569674
47955,0.025966085,0.36732092
47956,0.2976566,0.82235515
47957,0.7874701,0.18870723
47958,0.033948705,0.5175648
47959,0.16419202,0.8296458
47960,0.055179108,0.7885877
47961,0.7466163,0.85189945
47962,0.13731772,0.85790265
47963,0.12077013,0.57443595
47964,0.05170679,0.04144217
47965,0.08514587,0.112876214
47966,0.047655106,0.7521422
47967,0.0064830706,0.9190271
47968,0.044655163,0.21077985
47969,0.046355214,0.13328356
47970,0.027308065,0.97329783
47971,0.0632955,0.14078324
47972,0.039654173,0.07423586
47973,0.094647974,0.521192
47974,0.08046277,0.3663449
47975,0.04139803,0.73571885
47976,0.10724056,0.09286475
47977,0.18921898,0.69703394
47978,0.012780943,0.39076433
47979,0.008741124,0.027095612
47980,0.7437934,0.6106195
47981,0.06125881,0.3775711
47982,0.0022796928,0.109136365
47983,0.0016592084,0.008528877
47984,0.010597868,0.010658498
47985,0.11664053,0.17508025
47986,0.02388803,0.21918881
47987,0.001374413,0.020264627
47988,0.93754816,0.9848221
47989,0.11063754,0.06394258
47990,0.22782491,0.2926834
47991,0.16291614,0.7267136
47992,0.592546,0.56780976
47993,0.01532757,0.9441553
47994,0.13330227,0.7859453
47995,0.8541326,0.9591169
47996,0.89510167,0.9699783
47997,0.00049684604,0.03596356
47998,0.9759253,0.99088037
47999,0.28692186,0.738693
48000,0.26960617,0.040381473
48001,0.056040145,0.42034835
48002,0.08526802,0.077118084
48003,0.123955995,0.697235
48004,0.09979077,0.76139456
48005,0.2826418,0.49812433
48006,0.28079984,0.61565465
48007,0.22009122,0.36309358
48008,0.5566831,0.89192045
48009,0.0133420415,0.26382828
48010,0.16566941,0.41704026
48011,0.12316339,0.27814966
48012,0.13082786,0.8512523
48013,0.3183687,0.3359857
48014,0.2965168,0.8995006
48015,0.029630018,0.26674163
48016,0.06420762,0.29766157
48017,0.056138776,0.07988847
48018,0.086135656,0.82924616
48019,0.42266804,0.75654554
48020,0.4940056,0.8251467
48021,0.23027022,0.43260777
48022,0.26799262,0.026592238
48023,0.022147268,0.060391776
48024,0.07057054,0.9194006
48025,0.29909256,0.21988262
48026,0.03060759,0.11831592
48027,0.049912903,0.23456451
48028,0.053537477,0.5267832
48029,0.0137343155,0.3183501
48030,0.12969334,0.90150744
48031,0.06232109,0.18618317
48032,0.034464426,0.8489797
48033,0.0061125928,0.41383713
48034,0.10626508,0.17167401
48035,0.0052818726,0.13614571
48036,0.025347099,0.037755318
48037,0.025135228,0.51897854
48038,0.771712,0.93550617
48039,0.02353111,0.9451695
48040,0.108372934,0.8440065
48041,0.74318457,0.65013677
48042,0.0015752594,0.026825465
48043,0.014001776,0.40541285
48044,0.21166147,0.9373421
48045,0.0073939096,0.49534371
48046,0.0105053615,0.13459602
48047,0.099125236,0.894048
48048,0.027381003,0.6586841
48049,0.0033002899,0.38541463
48050,0.15604804,0.94215554
48051,0.013133948,0.21622697
48052,0.033496857,0.07660162
48053,0.24356866,0.9199772
48054,0.24556217,0.3824035
48055,0.22293939,0.6024296
48056,0.8995366,0.9842827
48057,0.020688117,0.021156419
48058,0.011470711,0.9209987
48059,0.045735206,0.28992915
48060,0.9275414,0.9406065
48061,0.054336708,0.3011916
48062,0.22611539,0.43000624
48063,0.04157348,0.49444532
48064,0.22403483,0.7478876
48065,0.0009201392,0.029252065
48066,0.029998034,0.45676863
48067,0.00889809,0.030114422
48068,0.9163204,0.96723706
48069,0.6939366,0.8763021
48070,0.008627506,0.91543424
48071,0.07239736,0.6446373
48072,0.0017933301,0.047529608
48073,0.53915596,0.6348217
48074,0.6444101,0.88544905
48075,0.02876827,0.7140286
48076,0.96556216,0.97421896
48077,0.018552575,0.15173523
48078,0.0033240009,0.017295662
48079,0.11210976,0.4398794
48080,0.083985426,0.86954117
48081,0.08270734,0.9343862
48082,0.30910057,0.44046092
48083,0.6997855,0.7147841
48084,0.6263726,0.61105907
48085,0.016548093,0.048917033
48086,0.010665625,0.030128038
48087,0.064648226,0.70035875
48088,0.03473051,0.047157183
48089,0.03799678,0.9297869
48090,0.44251367,0.70881164
48091,0.7648311,0.90878963
48092,0.009607297,0.009208622
48093,0.020128591,0.4855557
48094,0.03764051,0.5368233
48095,0.71754974,0.98753244
48096,0.03807267,0.5004414
48097,0.031685647,0.9550489
48098,0.4479484,0.6211357
48099,0.48947808,0.15630123
48100,0.020793768,0.42555732
48101,0.1820259,0.17063427
48102,0.83235335,0.82956123
48103,0.075961016,0.42691556
48104,0.1721336,0.5310893
48105,0.024425577,0.7920273
48106,0.2583784,0.7826772
48107,0.8239155,0.87509227
48108,0.021454819,0.11832988
48109,0.0947706,0.11092941
48110,0.015126416,0.88719386
48111,0.09718936,0.5813573
48112,0.011338016,0.12526901
48113,0.25395003,0.9207396
48114,0.0787895,0.11365734
48115,0.015031719,0.6698166
48116,0.056632396,0.6466815
48117,0.044875458,0.14829442
48118,0.008506588,0.60625494
48119,0.22537944,0.7505756
48120,0.76212275,0.63611966
48121,0.034001827,0.052270524
48122,0.049823087,0.94476223
48123,0.002197644,0.036296617
48124,0.036340587,0.5648691
48125,0.10634135,0.45414764
48126,0.0028035892,0.11967297
48127,0.003702237,0.019632492
48128,0.11588693,0.85013235
48129,0.045696005,0.1130855
48130,0.70363516,0.92884403
48131,0.007774461,0.38186845
48132,0.029290028,0.045026693
48133,0.3553041,0.31815654
48134,0.19112405,0.8871278
48135,0.31873703,0.9551917
48136,0.9549067,0.9682237
48137,0.33440858,0.9080341
48138,0.0123462025,0.2692325
48139,0.82515955,0.94952583
48140,0.02733679,0.08958509
48141,0.042254064,0.13974231
48142,0.9575172,0.9731992
48143,0.013529737,0.45258722
48144,0.85871184,0.88932127
48145,0.12432008,0.029306196
48146,0.1712057,0.9086386
48147,0.09669598,0.9143689
48148,0.077054955,0.21366061
48149,0.005198129,0.18944027
48150,0.97834355,0.39773956
48151,0.7314088,0.11876428
48152,0.041403685,0.19799235
48153,0.34834912,0.88586795
48154,0.015488124,0.27404425
48155,0.17954731,0.84090495
48156,0.05167183,0.19773836
48157,0.028277934,0.28424552
48158,0.18628673,0.67398465
48159,0.03584838,0.052717354
48160,0.0043398985,0.027529899
48161,0.03733848,0.09405722
48162,0.95613396,0.99598014
48163,0.006973863,0.0502457
48164,0.017486949,0.54666615
48165,0.6130509,0.618681
48166,0.0069928435,0.081331015
48167,0.9051983,0.8497613
48168,0.3433616,0.8760928
48169,0.058669332,0.43170685
48170,0.035740305,0.11996778
48171,0.07291449,0.92156935
48172,0.06218142,0.52812797
48173,0.6835344,0.23085593
48174,0.30267242,0.8148219
48175,0.044821337,0.026548868
48176,0.020155068,0.24003863
48177,0.35860607,0.82618946
48178,0.1854866,0.542691
48179,0.03296548,0.03084443
48180,0.049179573,0.5159054
48181,0.086739644,0.1157482
48182,0.014789082,0.8563261
48183,0.026719822,0.14230043
48184,0.011962462,0.019347813
48185,0.14500669,0.85918164
48186,0.9477111,0.98100203
48187,0.035582177,0.717336
48188,0.008581249,0.5904948
48189,0.04722272,0.28756887
48190,0.0011626673,0.10510811
48191,0.91972524,0.9478122
48192,0.0046424456,0.493836
48193,0.027949762,0.07939551
48194,0.19621678,0.56817484
48195,0.009202146,0.16508162
48196,0.0796857,0.6613587
48197,0.008422323,0.9572073
48198,0.018226951,0.1184532
48199,0.27470964,0.15875606
48200,0.036195245,0.11761446
48201,0.074756235,0.61107534
48202,0.0132351145,0.017090043
48203,0.46694514,0.24673891
48204,0.7807381,0.92732954
48205,0.3806434,0.68153733
48206,0.006458969,0.012564227
48207,0.031713996,0.15452541
48208,0.051994726,0.19261855
48209,0.30897647,0.8194885
48210,0.04726864,0.07618933
48211,0.015935266,0.023291642
48212,0.054054487,0.27209973
48213,0.0031527819,0.37386668
48214,0.91653275,0.94913584
48215,0.11624204,0.040776514
48216,0.01956358,0.04285195
48217,0.8756373,0.97145635
48218,0.10357377,0.90120596
48219,0.24345307,0.5788572
48220,0.023827171,0.049721807
48221,0.33924294,0.05419416
48222,0.012897094,0.11409652
48223,0.57820976,0.7957952
48224,0.2570983,0.11946276
48225,0.14473967,0.9772815
48226,0.041256614,0.1198392
48227,0.89730835,0.82005227
48228,0.01365189,0.46361506
48229,0.87439436,0.66402996
48230,0.015050149,0.16841039
48231,0.11640094,0.14925055
48232,0.057518464,0.30824512
48233,0.006406978,0.1838031
48234,0.01438723,0.012692018
48235,0.8007855,0.914755
48236,0.53626674,0.886223
48237,0.002154524,0.005423092
48238,0.14406897,0.2456501
48239,0.26280633,0.917514
48240,0.8820105,0.97138053
48241,0.26836532,0.3473819
48242,0.41983345,0.45902964
48243,0.07627317,0.07048941
48244,0.014178783,0.13009502
48245,0.31276017,0.85612106
48246,0.029108621,0.37928128
48247,0.19525997,0.3293631
48248,0.088492356,0.15677504
48249,0.2687295,0.13351691
48250,0.7569143,0.9084852
48251,0.02930513,0.21325597
48252,0.7462611,0.9094184
48253,0.0072605093,0.029809106
48254,0.32999244,0.9845026
48255,0.68662506,0.9857471
48256,0.09078891,0.5106816
48257,0.15081368,0.4257008
48258,0.066407606,0.18995355
48259,0.6829237,0.90948635
48260,0.26063886,0.6210243
48261,0.07874116,0.05355614
48262,0.31203848,0.8619021
48263,0.103383824,0.046240173
48264,0.00090919505,0.042753693
48265,0.24500664,0.16839336
48266,0.04815765,0.10809247
48267,0.28056145,0.6054032
48268,0.8624467,0.9708015
48269,0.07005066,0.35372713
48270,0.16003136,0.92867017
48271,0.08141651,0.10994992
48272,0.053493045,0.9758827
48273,0.014704442,0.18593387
48274,0.3424511,0.94865286
48275,0.6976634,0.7984296
48276,0.018096637,0.8739963
48277,0.027982602,0.84188956
48278,0.32177743,0.3429212
48279,0.0017865993,0.036762677
48280,0.20342375,0.35636383
48281,0.30858853,0.44247508
48282,0.061807204,0.91233754
48283,0.10995603,0.8932781
48284,0.095597364,0.25184274
48285,0.1829048,0.6429464
48286,0.03806466,0.99274933
48287,0.010631636,0.29251018
48288,0.57356834,0.8138301
48289,0.015059891,0.5364475
48290,0.65002966,0.9836838
48291,0.19968483,0.35113522
48292,0.029620677,0.8546574
48293,0.45958167,0.084690705
48294,0.5517212,0.9651307
48295,0.51057255,0.7204982
48296,0.9496795,0.9693012
48297,0.16714568,0.76006025
48298,0.098089464,0.69138837
48299,0.04021704,0.87240183
48300,0.018637652,0.064080514
48301,0.12685266,0.52972376
48302,0.021643799,0.07592291
48303,0.13664086,0.045021035
48304,0.04159519,0.051428862
48305,0.17281784,0.59619087
48306,0.052161764,0.3104326
48307,0.0005223784,0.08360937
48308,0.03071836,0.05099708
48309,0.02868079,0.5789252
48310,0.013883669,0.5639058
48311,0.0045818933,0.43771863
48312,0.05390301,0.28387007
48313,0.25439212,0.38189152
48314,0.050344594,0.088815026
48315,0.09428284,0.13811421
48316,0.036631323,0.20054138
48317,0.0165581,0.23045935
48318,0.3717867,0.40102112
48319,0.04593878,0.07531676
48320,0.33058637,0.40237316
48321,0.011177872,0.021054652
48322,0.015941758,0.1675094
48323,0.0032783132,0.15103312
48324,0.10118,0.23715842
48325,0.010614025,0.28921527
48326,0.8951459,0.90009844
48327,0.0046410835,0.3197602
48328,0.16399841,0.93740964
48329,0.09555761,0.0817508
48330,0.14080094,0.6754721
48331,0.8851371,0.70445937
48332,0.0052822684,0.688853
48333,0.11793024,0.14116168
48334,0.08406983,0.02834218
48335,0.2770645,0.8435958
48336,0.31939068,0.2308822
48337,0.053797774,0.9462062
48338,0.013405008,0.12491032
48339,0.0032464496,0.033911295
48340,0.2408781,0.23942584
48341,0.84665185,0.9160928
48342,0.008397613,0.10636076
48343,0.795882,0.96619785
48344,0.028700478,0.36525452
48345,0.40830877,0.7229363
48346,0.18795395,0.8749011
48347,0.0029511394,0.038474686
48348,0.01437297,0.045210723
48349,0.02237979,0.21168168
48350,0.52485144,0.9310059
48351,0.21815446,0.74659514
48352,0.2999533,0.7550131
48353,0.026278991,0.18000086
48354,0.04355881,0.9381595
48355,0.07914874,0.28042433
48356,0.16139689,0.7995507
48357,0.084676795,0.4238157
48358,0.29730755,0.61476475
48359,0.077927224,0.48401034
48360,0.56057686,0.79415375
48361,0.6125286,0.7530547
48362,0.016871018,0.669424
48363,0.11884513,0.76268786
48364,0.31451073,0.48601887
48365,0.72423804,0.78241056
48366,0.12334969,0.561614
48367,0.56507826,0.81822324
48368,0.27459008,0.5914185
48369,0.39975503,0.5040087
48370,0.028382016,0.41879392
48371,0.015557467,0.5749296
48372,0.026435101,0.55377465
48373,0.079925634,0.7142667
48374,0.047777552,0.7872202
48375,0.05005958,0.09185172
48376,0.01963894,0.662847
48377,0.012982956,0.021550803
48378,0.37890437,0.43555897
48379,0.0069529223,0.12841001
48380,0.07941721,0.5766954
48381,0.017657071,0.11781194
48382,0.85159487,0.8714872
48383,0.008057558,0.015794061
48384,0.35037822,0.2461975
48385,0.031268846,0.07288044
48386,0.0030087067,0.05439988
48387,0.03702012,0.11613282
48388,0.02804107,0.107204996
48389,0.11639533,0.7407644
48390,0.039960094,0.06886982
48391,0.020351848,0.5305769
48392,0.07236611,0.72380465
48393,0.4353351,0.7506826
48394,0.9096071,0.96531403
48395,0.08488864,0.35624436
48396,0.9635247,0.9898617
48397,0.8988937,0.67796314
48398,0.04980851,0.20665835
48399,0.302876,0.9773146
48400,0.028847117,0.6268546
48401,0.023643658,0.9530166
48402,0.52697176,0.91793936
48403,0.052226678,0.019748894
48404,0.02574103,0.21201509
48405,0.086213216,0.19188768
48406,0.5956999,0.1135063
48407,0.024390642,0.50007904
48408,0.0042175003,0.030163458
48409,0.08953515,0.37282106
48410,0.22046489,0.5431412
48411,0.014910776,0.057469293
48412,0.017500585,0.31742585
48413,0.009297957,0.8853179
48414,0.06726891,0.16092567
48415,0.8207344,0.98912793
48416,0.024910845,0.7918916
48417,0.053860676,0.07565819
48418,0.089443535,0.8840662
48419,0.31012157,0.7935377
48420,0.019242797,0.09452362
48421,0.07133712,0.7446924
48422,0.27954397,0.9627112
48423,0.21286088,0.85769403
48424,0.078689985,0.58717275
48425,0.009189316,0.29001674
48426,0.0065211616,0.09118621
48427,0.004520945,0.030927073
48428,0.029611947,0.33217758
48429,0.03748224,0.1694917
48430,0.003850757,0.74439037
48431,0.027850438,0.8751979
48432,0.046727028,0.26144254
48433,0.022679482,0.18837802
48434,0.9389407,0.9878391
48435,0.36376038,0.24048507
48436,0.029853716,0.64527017
48437,0.3459026,0.3764214
48438,0.06301129,0.8570064
48439,0.0011877131,0.7291511
48440,0.3973417,0.8899985
48441,0.022164062,0.12290777
48442,0.38890147,0.91523844
48443,0.16391465,0.9693996
48444,0.1355503,0.87574124
48445,0.014688782,0.9037272
48446,0.15832248,0.3391599
48447,0.08364584,0.7411299
48448,0.012096642,0.04633275
48449,0.5221547,0.874085
48450,0.013928741,0.032384653
48451,0.47022057,0.89488804
48452,0.025247892,0.41234702
48453,0.0074162986,0.9695453
48454,0.3629132,0.88138765
48455,0.12227616,0.1066004
48456,0.041680966,0.16972975
48457,0.17901616,0.978799
48458,0.067987084,0.9233678
48459,0.048291266,0.17256105
48460,0.0016094905,0.2786111
48461,0.053749144,0.10254711
48462,0.029127933,0.6950916
48463,0.1056094,0.6456308
48464,0.008572227,0.04327811
48465,0.013145152,0.42221567
48466,0.008072091,0.41284218
48467,0.036973156,0.8993257
48468,0.027039686,0.9273287
48469,0.49088648,0.46284518
48470,0.09423232,0.24554434
48471,0.12356962,0.14204237
48472,0.06555486,0.8196561
48473,0.9139968,0.98363423
48474,0.12532601,0.13821714
48475,0.45511556,0.29491758
48476,0.032940302,0.8413039
48477,0.79125065,0.84897465
48478,0.017465021,0.076101795
48479,0.051546123,0.579805
48480,0.09574301,0.05042563
48481,0.0409315,0.18140522
48482,0.026425593,0.52990353
48483,0.6388639,0.9358614
48484,0.012045714,0.1709784
48485,0.68862987,0.98222315
48486,0.11042578,0.5128495
48487,0.009281995,0.031784102
48488,0.0027299242,0.29758582
48489,0.3414242,0.27647373
48490,0.28064114,0.9675387
48491,0.43311107,0.8308034
48492,0.8280916,0.9710268
48493,0.00989107,0.13733253
48494,0.0065405816,0.07619161
48495,0.024027541,0.90776706
48496,0.00898289,0.009247165
48497,0.28806454,0.92380583
48498,0.003006519,0.035298154
48499,0.013555038,0.9167456
48500,0.28022954,0.5866352
48501,0.09975699,0.24214207
48502,0.017434021,0.59615636
48503,0.122040346,0.08355415
48504,0.045183662,0.22124337
48505,0.05353589,0.25170517
48506,0.63903415,0.7752387
48507,0.021527262,0.31708524
48508,0.3927398,0.76207757
48509,0.12944427,0.8275848
48510,0.49084818,0.73416054
48511,0.05090456,0.41172177
48512,0.023311486,0.26738384
48513,0.04005913,0.11717164
48514,0.014645553,0.81448907
48515,0.029907098,0.73306316
48516,0.008914433,0.6587564
48517,0.07348725,0.9743954
48518,0.0945295,0.26567787
48519,0.13704453,0.90274084
48520,0.049769703,0.5381865
48521,0.02858137,0.83467215
48522,0.25082916,0.5016687
48523,0.015072947,0.85923684
48524,0.77436304,0.81784266
48525,0.27241364,0.058784325
48526,0.68962425,0.9556038
48527,0.17014426,0.06728015
48528,0.07627759,0.6670044
48529,0.11964877,0.9469745
48530,0.235839,0.44629878
48531,0.6184992,0.9645759
48532,0.067778945,0.8044345
48533,0.108802766,0.42741328
48534,0.014071312,0.16096814
48535,0.017923841,0.067618266
48536,0.63689,0.5779446
48537,0.025009051,0.038371567
48538,0.07395933,0.545376
48539,0.020839902,0.11145159
48540,0.056744233,0.67361486
48541,0.016012257,0.021064132
48542,0.077742286,0.33709884
48543,0.07121093,0.29451552
48544,0.0048087896,0.061923303
48545,0.19838507,0.5706452
48546,0.09131688,0.67018926
48547,0.06490253,0.7175665
48548,0.018773548,0.18503878
48549,0.18153802,0.94093925
48550,0.043986365,0.97408015
48551,0.032630976,0.29888484
48552,0.39705068,0.7289226
48553,0.006282027,0.82063925
48554,0.037539016,0.22607279
48555,0.109820254,0.31544465
48556,0.00336391,0.16556229
48557,0.3006665,0.81479704
48558,0.06629531,0.093664564
48559,0.019612847,0.56023026
48560,0.76525366,0.90190417
48561,0.12778032,0.94899017
48562,0.03048959,0.1070018
48563,0.39442506,0.843952
48564,0.09082648,0.10339591
48565,0.17044498,0.49110284
48566,0.06839824,0.64847237
48567,0.23655488,0.4358116
48568,0.03428172,0.09736135
48569,0.075249024,0.19247484
48570,0.013984953,0.8823013
48571,0.372456,0.40442315
48572,0.2694183,0.87472814
48573,0.024408234,0.14577247
48574,0.33713678,0.7628576
48575,0.018007213,0.062683895
48576,0.015344039,0.017780716
48577,0.61253256,0.6489394
48578,0.9863494,0.99074745
48579,0.3515374,0.96696514
48580,0.010906746,0.16196966
48581,0.3071159,0.9264622
48582,0.031524923,0.9045274
48583,0.06071091,0.26062104
48584,0.06991736,0.7398238
48585,0.016467573,0.7824199
48586,0.28744417,0.42335123
48587,0.07335468,0.8429243
48588,0.11233591,0.86543816
48589,0.27911577,0.44257635
48590,0.10599317,0.2647251
48591,0.048806608,0.07647732
48592,0.7203168,0.8767597
48593,0.20492856,0.59874517
48594,0.22012417,0.95611423
48595,0.124675006,0.27401492
48596,0.04397025,0.7307053
48597,0.037336193,0.84949857
48598,0.0128045445,0.6388571
48599,0.33684477,0.79030746
48600,0.16039617,0.9535622
48601,0.010104466,0.7447115
48602,0.7434773,0.89778024
48603,0.01904754,0.5982035
48604,0.8350367,0.774037
48605,0.0065108608,0.028915929
48606,0.64518553,0.9850776
48607,0.2975496,0.6602401
48608,0.0043766457,0.061981082
48609,0.13768794,0.9334929
48610,0.048626825,0.3071395
48611,0.5675652,0.41883138
48612,0.16470675,0.95459
48613,0.11329762,0.3509809
48614,0.054574434,0.103614785
48615,0.01941341,0.029251406
48616,0.74370134,0.8274384
48617,0.94297343,0.9509731
48618,0.008525628,0.75235283
48619,0.15909238,0.21400283
48620,0.8605369,0.79495543
48621,0.15550838,0.20887426
48622,0.01522539,0.4569309
48623,0.020714253,0.07040786
48624,0.058089808,0.104277134
48625,0.049296364,0.17822039
48626,0.0034940622,0.013076734
48627,0.14873476,0.38995725
48628,0.16161883,0.17488302
48629,0.05297267,0.05276881
48630,0.072074786,0.18739507
48631,0.027514618,0.5785283
48632,0.019016141,0.02133403
48633,0.00604272,0.01255632
48634,0.012002555,0.26865324
48635,0.003693897,0.54358536
48636,0.00070449227,0.11403371
48637,0.88255763,0.8484807
48638,0.009418576,0.055354584
48639,0.014987742,0.14848281
48640,0.38091645,0.08852815
48641,0.6016393,0.69690084
48642,0.29777795,0.09118394
48643,0.7963501,0.9597583
48644,0.15858905,0.23485008
48645,0.040224586,0.95782477
48646,0.25679895,0.41767627
48647,0.00039288358,0.016153798
48648,0.07058661,0.11346457
48649,0.009407336,0.2812154
48650,0.8319018,0.84938496
48651,0.03856116,0.39761555
48652,0.7379576,0.9027066
48653,0.02917486,0.06794359
48654,0.038241703,0.52336055
48655,0.011390507,0.08563797
48656,0.75803787,0.9298961
48657,0.02931409,0.8685229
48658,0.1508708,0.63096964
48659,0.107344754,0.52385926
48660,0.028112141,0.076085016
48661,0.015611396,0.7936217
48662,0.075259686,0.97635376
48663,0.54716486,0.79073507
48664,0.021218931,0.10804731
48665,0.010907584,0.48310643
48666,0.02009102,0.8712807
48667,0.004305142,0.010464552
48668,0.031843547,0.016699754
48669,0.1327447,0.8386849
48670,0.26700395,0.47154632
48671,0.029275214,0.21766062
48672,0.21851179,0.2580456
48673,0.007697322,0.2882792
48674,0.383868,0.7870026
48675,0.034038756,0.06087309
48676,0.07719872,0.057172675
48677,0.17463033,0.9315194
48678,0.057464033,0.38319325
48679,0.6855326,0.94377625
48680,0.39679635,0.379866
48681,0.07332377,0.7366888
48682,0.019775515,0.11516288
48683,0.01768872,0.7074146
48684,0.0020047324,0.11693285
48685,0.2874317,0.066502154
48686,0.023519322,0.90162903
48687,0.7263508,0.94355524
48688,0.06113415,0.71275765
48689,0.006990606,0.3583189
48690,0.30417463,0.34511247
48691,0.08051523,0.94230705
48692,0.26696932,0.9396035
48693,0.42751488,0.2131538
48694,0.09141034,0.98868376
48695,0.043817148,0.4545677
48696,0.0059711556,0.31079006
48697,0.30902344,0.8636313
48698,0.4630919,0.28739956
48699,0.3659772,0.95554084
48700,0.5418189,0.9395094
48701,0.4602826,0.38778022
48702,0.0014719856,0.0051988126
48703,0.81496924,0.62245095
48704,0.4687713,0.13067788
48705,0.014506995,0.3087071
48706,0.15669128,0.6950616
48707,0.018571386,0.04751646
48708,0.3856637,0.21988992
48709,0.023352373,0.99415636
48710,0.08732211,0.21995886
48711,0.04736584,0.67083025
48712,0.24852027,0.12880616
48713,0.11935123,0.23308474
48714,0.6325224,0.70094067
48715,0.18956624,0.07569728
48716,0.33597615,0.8344918
48717,0.35381135,0.8136962
48718,0.216697,0.9328783
48719,0.074829705,0.80280477
48720,0.0073426287,0.3783225
48721,0.86112624,0.99575883
48722,0.9122422,0.9181821
48723,0.0033896833,0.06641556
48724,0.0015194338,0.005645403
48725,0.051573474,0.043434206
48726,0.83945984,0.7577094
48727,0.079479985,0.1238977
48728,0.52558345,0.7958846
48729,0.103962444,0.20115855
48730,0.62489593,0.6133891
48731,0.039057758,0.076649405
48732,0.8809472,0.71667814
48733,0.26338306,0.6594772
48734,0.0035431564,0.016311435
48735,0.18125008,0.8816248
48736,0.012186025,0.011169069
48737,0.30182153,0.6121187
48738,0.014753434,0.14661321
48739,0.04153385,0.76837057
48740,0.01302941,0.85041064
48741,0.18703315,0.0062962268
48742,0.032460418,0.07256797
48743,0.0019413586,0.031125685
48744,0.0010063205,0.004503717
48745,0.31394202,0.30363655
48746,0.030732775,0.15592471
48747,0.01318156,0.080124795
48748,0.0099376105,0.2173868
48749,0.89393383,0.96041834
48750,0.010303052,0.365264
48751,0.059731945,0.9346747
48752,0.032459334,0.7741833
48753,0.016930802,0.18744838
48754,0.0036953855,0.16340774
48755,0.23124745,0.68819404
48756,0.08897663,0.43400446
48757,0.0033074282,0.010923492
48758,0.37266552,0.7145258
48759,0.028783541,0.21727322
48760,0.03426918,0.8580068
48761,0.44880494,0.42886934
48762,0.86694676,0.9001193
48763,0.25235772,0.8604237
48764,0.0073220474,0.037907526
48765,0.88649017,0.9656383
48766,0.4000518,0.63610065
48767,0.08732043,0.24512962
48768,0.03186235,0.811396
48769,0.024986679,0.24279773
48770,0.05576715,0.47615206
48771,0.058648616,0.72050154
48772,0.680257,0.52135533
48773,0.007894938,0.047359806
48774,0.053054947,0.0941179
48775,0.26285174,0.93239677
48776,0.011084238,0.05348864
48777,0.86926097,0.90324044
48778,0.0082948925,0.2172911
48779,0.110987686,0.9318817
48780,0.014212969,0.04095104
48781,0.06797751,0.70381624
48782,0.0255928,0.94851494
48783,0.0051634084,0.009665231
48784,0.15077509,0.27643633
48785,0.55743176,0.8691309
48786,0.036510307,0.27724066
48787,0.060598817,0.098313086
48788,0.027434064,0.07273782
48789,0.005864593,0.017776344
48790,0.100667074,0.97781247
48791,0.10101586,0.77298623
48792,0.02124222,0.17036654
48793,0.010806713,0.07687066
48794,0.04016683,0.9522013
48795,0.22450447,0.6365873
48796,0.13662182,0.3077465
48797,0.19213277,0.29257077
48798,0.044454884,0.8426545
48799,0.014869724,0.14249769
48800,0.029606296,0.6916637
48801,0.061691478,0.9774302
48802,0.002765078,0.027016796
48803,0.007762887,0.032503486
48804,0.13000655,0.15926036
48805,0.44501865,0.5202158
48806,0.14034866,0.25409797
48807,0.037626397,0.5327127
48808,0.9098367,0.908026
48809,0.012940563,0.03277362
48810,0.19371194,0.7946914
48811,0.68114275,0.94429874
48812,0.0277161,0.037323702
48813,0.110043995,0.09398949
48814,0.87447685,0.936656
48815,0.76432586,0.20754069
48816,0.07824511,0.7916925
48817,0.15164179,0.5970541
48818,0.9262407,0.92282736
48819,0.09325499,0.9816714
48820,0.008821464,0.07135557
48821,0.015281968,0.87374616
48822,0.0063564167,0.08703652
48823,0.9343994,0.9645854
48824,0.38348925,0.21713732
48825,0.03573862,0.5753437
48826,0.25199577,0.8863075
48827,0.14808261,0.009838362
48828,0.074159406,0.03153209
48829,0.07457514,0.19946843
48830,0.33057967,0.708109
48831,0.23737526,0.8495752
48832,0.035578333,0.19026084
48833,0.03381834,0.18257011
48834,0.04188535,0.09424861
48835,0.039670184,0.26820138
48836,0.031134438,0.7991821
48837,0.019139875,0.36394325
48838,0.88735425,0.6155527
48839,0.06905616,0.77676886
48840,0.13438676,0.11873921
48841,0.09549175,0.28289285
48842,0.023047183,0.041902028
48843,0.34536824,0.3065688
48844,0.96806306,0.7202326
48845,0.5237183,0.4127233
48846,0.17192017,0.904805
48847,0.22114247,0.46687302
48848,0.076235324,0.80689883
48849,0.06950463,0.3359063
48850,0.021162497,0.18193473
48851,0.22157027,0.41943735
48852,0.025412193,0.7915334
48853,0.08564322,0.59486115
48854,0.7274458,0.9429602
48855,0.08043462,0.13343361
48856,0.039142363,0.8181106
48857,0.20238638,0.20517705
48858,0.8047399,0.7447572
48859,0.0146503225,0.82169455
48860,0.05434288,0.6035228
48861,0.011386186,0.10633219
48862,0.7282051,0.7919975
48863,0.27334073,0.83458555
48864,0.07342344,0.3452612
48865,0.107583344,0.23714957
48866,0.0017401436,0.27803385
48867,0.0031110574,0.013391582
48868,0.08178236,0.8965041
48869,0.024106432,0.2640052
48870,0.104659155,0.29658127
48871,0.04962813,0.4616476
48872,0.73334455,0.9237422
48873,0.022201432,0.27152896
48874,0.00274068,0.10452746
48875,0.04246738,0.06882224
48876,0.0022088112,0.13677138
48877,0.010518063,0.083334185
48878,0.031853452,0.13882333
48879,0.75557804,0.9487929
48880,0.058256228,0.40294403
48881,0.118356034,0.24378768
48882,0.66225404,0.8689917
48883,0.163677,0.87796354
48884,0.015348297,0.014211747
48885,0.018880341,0.8848126
48886,0.8324256,0.86045766
48887,0.10130592,0.599104
48888,0.04900087,0.15887372
48889,0.025633689,0.19323668
48890,0.011147224,0.15594018
48891,0.017477037,0.14173464
48892,0.11146659,0.81319004
48893,0.35964817,0.612124
48894,0.8922704,0.79201025
48895,0.029795954,0.36047557
48896,0.955918,0.98812395
48897,0.14565758,0.79237634
48898,0.0917817,0.9749478
48899,0.0044742785,0.22356084
48900,0.4714127,0.6210237
48901,0.06452658,0.38714498
48902,0.018166358,0.09801709
48903,0.44787714,0.47832432
48904,0.35626072,0.18454503
48905,0.98389304,0.9105792
48906,0.015999092,0.05324825
48907,0.6391853,0.9907341
48908,0.18563418,0.9566999
48909,0.019195547,0.8071865
48910,0.011663719,0.075539745
48911,0.024734069,0.91083825
48912,0.28658384,0.29037625
48913,0.0117292525,0.85036504
48914,0.001681225,0.2837126
48915,0.101450436,0.4089039
48916,0.5080262,0.92818886
48917,0.03477725,0.11144109
48918,0.036807865,0.7341775
48919,0.4801923,0.72141427
48920,0.062948965,0.058896627
48921,0.68878025,0.75732315
48922,0.0142592145,0.29366475
48923,0.0066234977,0.03741707
48924,0.036051217,0.34238032
48925,0.006456044,0.0452433
48926,0.4314719,0.87946147
48927,0.24452414,0.6093113
48928,0.09860094,0.35977688
48929,0.6572259,0.9527441
48930,0.4405426,0.16230412
48931,0.0006233586,0.08512026
48932,0.0025146992,0.025249138
48933,0.9265901,0.95715654
48934,0.027916182,0.055220705
48935,0.042798124,0.18063411
48936,0.1940698,0.46593666
48937,0.051346764,0.14722553
48938,0.14536588,0.82446414
48939,0.008493877,0.21958107
48940,0.18543632,0.11682116
48941,0.10768112,0.24920379
48942,0.0048943036,0.2174914
48943,0.10338323,0.94140375
48944,0.2725019,0.22458117
48945,0.45468315,0.5319449
48946,0.73204195,0.8796406
48947,0.27236816,0.9282417
48948,0.39378205,0.8508907
48949,0.14936383,0.05474923
48950,0.020485675,0.045871813
48951,0.04912343,0.020162748
48952,0.009137977,0.0135083115
48953,0.0060089305,0.3982188
48954,0.17261644,0.053734664
48955,0.06351188,0.13303415
48956,0.20595631,0.90001696
48957,0.14210519,0.5384614
48958,0.024269875,0.0056571043
48959,0.01395445,0.06519972
48960,0.16152668,0.8222176
48961,0.014573565,0.045937184
48962,0.005025709,0.37949342
48963,0.01949029,0.9575142
48964,0.020731943,0.5217313
48965,0.34153205,0.6002647
48966,0.03342383,0.0806065
48967,0.6435988,0.80724984
48968,0.82493603,0.9373069
48969,0.011040991,0.08156491
48970,0.8086682,0.44668725
48971,0.037112214,0.86145556
48972,0.09467725,0.23341988
48973,0.11813868,0.5097966
48974,0.0013576761,0.002110257
48975,0.6427596,0.85133004
48976,0.060081296,0.50462216
48977,0.01528763,0.64179486
48978,0.060648702,0.1812843
48979,0.03636698,0.20545074
48980,0.13669921,0.17248058
48981,0.5743978,0.45445833
48982,0.037590276,0.9560104
48983,0.032333516,0.8579408
48984,0.9202433,0.89180106
48985,0.07755582,0.15675966
48986,0.87596375,0.94167864
48987,0.025628712,0.12718351
48988,0.005542734,0.02727158
48989,0.14294736,0.23467632
48990,0.00203494,0.00050291547
48991,0.022832224,0.35936904
48992,0.2500647,0.69983995
48993,0.8665543,0.6656011
48994,0.016999384,0.2249322
48995,0.19793141,0.7856742
48996,0.035687815,0.30902213
48997,0.061245035,0.79790694
48998,0.017341675,0.13453183
48999,0.07839882,0.5553367
49000,0.50929046,0.9888737
49001,0.8441946,0.90992516
49002,0.18296237,0.963088
49003,0.0020478873,0.037124347
49004,0.14179023,0.6224984
49005,0.056405514,0.13250244
49006,0.2232701,0.28349775
49007,0.007400162,0.079227455
49008,0.032967083,0.1618965
49009,0.3081897,0.8993829
49010,0.0020994602,0.32128745
49011,0.114784785,0.1587111
49012,0.16853574,0.68366474
49013,0.022847176,0.8844944
49014,0.110600635,0.18978995
49015,0.21856093,0.40812796
49016,0.11973251,0.07406939
49017,0.06889762,0.49029076
49018,0.028397826,0.3537635
49019,0.7889523,0.846138
49020,0.037006047,0.21241349
49021,0.009724374,0.52464736
49022,0.27108625,0.23862652
49023,0.10189657,0.14953482
49024,0.03064674,0.77628034
49025,0.012236318,0.107045025
49026,0.13009217,0.4820613
49027,0.37201262,0.58800405
49028,0.053907227,0.09868565
49029,0.5273956,0.9554824
49030,0.030515606,0.68917936
49031,0.9517883,0.49477294
49032,0.020535287,0.29076532
49033,0.007937626,0.13660942
49034,0.0410613,0.77267486
49035,0.10254861,0.2408397
49036,0.12788056,0.4453893
49037,0.022871397,0.42683634
49038,0.036355227,0.29910251
49039,0.7513633,0.7967249
49040,0.042365324,0.59965515
49041,0.1280291,0.2678886
49042,0.11092515,0.988301
49043,0.01706144,0.06353335
49044,0.019612614,0.0071337423
49045,0.017460538,0.09576948
49046,0.3282403,0.37420937
49047,0.9531455,0.90226996
49048,0.018758226,0.67023045
49049,0.0017990711,0.024784263
49050,0.0608592,0.10308036
49051,0.034382444,0.043849237
49052,0.6119107,0.90703547
49053,0.17822812,0.934324
49054,0.6041063,0.84949857
49055,0.051413372,0.22243388
49056,0.07826628,0.4085537
49057,0.71943307,0.8454105
49058,0.9183096,0.99008477
49059,0.02234296,0.14488162
49060,0.050832234,0.8820776
49061,0.89710534,0.9412063
49062,0.009161062,0.30611768
49063,0.9331608,0.7166394
49064,0.8597816,0.57250196
49065,0.32607725,0.94907737
49066,0.029673627,0.64687514
49067,0.043002192,0.8970383
49068,0.9675435,0.67677957
49069,0.018175855,0.042017154
49070,0.06247581,0.91570514
49071,0.93787193,0.9661273
49072,0.103543766,0.9063
49073,0.067925155,0.8380011
49074,0.56124127,0.97212243
49075,0.39363134,0.58900225
49076,0.018229837,0.041659087
49077,0.045872595,0.012459618
49078,0.0023193462,0.12400698
49079,0.003692446,0.065217696
49080,0.01380719,0.08075488
49081,0.9340025,0.9738947
49082,0.12547588,0.15744281
49083,0.024231913,0.79624933
49084,0.08794004,0.15962222
49085,0.014872094,0.030202035
49086,0.03147796,0.13514785
49087,0.72378755,0.45508346
49088,0.24157326,0.89992
49089,0.20612487,0.9074959
49090,0.026804984,0.6152818
49091,0.56323916,0.6584261
49092,0.06929542,0.29933673
49093,0.0022025094,0.022747984
49094,0.7829153,0.9787533
49095,0.046469864,0.703473
49096,0.0055432287,0.26564702
49097,0.012355916,0.80900556
49098,0.015909541,0.37559056
49099,0.040260322,0.91430557
49100,0.5382771,0.8383009
49101,0.0023948594,0.8274948
49102,0.039189298,0.885085
49103,0.0064841523,0.023780521
49104,0.07721086,0.37082464
49105,0.30037132,0.6525089
49106,0.0021031818,0.027353935
49107,0.18055701,0.83931565
49108,0.02025547,0.2083545
49109,0.008682173,0.05968693
49110,0.3791262,0.50686723
49111,0.05699604,0.1426435
49112,0.8326732,0.98677814
49113,0.011642229,0.07420907
49114,0.11307204,0.60520303
49115,0.026971137,0.17387986
49116,0.64298934,0.2392041
49117,0.0077960496,0.17853373
49118,0.010554612,0.43277034
49119,0.24526961,0.56715393
49120,0.015177506,0.027272416
49121,0.0029198688,0.5694254
49122,0.015565115,0.3171846
49123,0.69314116,0.36556116
49124,0.24418026,0.03062603
49125,0.009769561,0.21479401
49126,0.065375835,0.9356612
49127,0.012437384,0.8167271
49128,0.075800516,0.31834942
49129,0.017004197,0.0855645
49130,0.5565801,0.45912647
49131,0.37114975,0.91934544
49132,0.048642226,0.9788705
49133,0.007414347,0.008985106
49134,0.0054844636,0.91246516
49135,0.005714663,0.08270105
49136,0.40833503,0.7255059
49137,0.015863702,0.15331429
49138,0.0017805438,0.27407134
49139,0.048406504,0.04125089
49140,0.027951952,0.9445464
49141,0.069478646,0.24188845
49142,0.09733971,0.19629002
49143,0.014060804,0.07431727
49144,0.2938587,0.72482634
49145,0.05929749,0.06594245
49146,0.016925978,0.081896104
49147,0.057602532,0.15059954
49148,0.82062894,0.9577787
49149,0.20572677,0.85628116
49150,0.023423767,0.016950656
49151,0.23546425,0.41080755
49152,0.05324469,0.63650376
49153,0.26370856,0.7036516
49154,0.17084913,0.11185837
49155,0.023528649,0.3120446
49156,0.030864157,0.34157157
49157,0.011478759,0.92886186
49158,0.16568479,0.8973901
49159,0.3002315,0.47876942
49160,0.23251376,0.16395774
49161,0.109858274,0.10010661
49162,0.12178672,0.21060403
49163,0.030137515,0.083879024
49164,0.04331691,0.01627301
49165,0.09979179,0.698889
49166,0.04312369,0.6547407
49167,0.0030034475,0.06737217
49168,0.08604008,0.105954796
49169,0.0046866136,0.0292947
49170,0.119603984,0.769366
49171,0.6588278,0.97551984
49172,0.045795657,0.8150686
49173,0.3371714,0.75672895
49174,0.06401187,0.5295114
49175,0.23144169,0.945836
49176,0.061954394,0.60557157
49177,0.7010228,0.7784969
49178,0.10812874,0.2716111
49179,0.83348846,0.83505785
49180,0.55617374,0.9132591
49181,0.4023392,0.8942584
49182,0.0063774884,0.60577047
49183,0.08078761,0.8079159
49184,0.006037813,0.29091027
49185,0.26595014,0.2632628
49186,0.08215264,0.6224234
49187,0.005973825,0.026980251
49188,0.08223498,0.7284763
49189,0.012931005,0.91561395
49190,0.05014291,0.11838377
49191,0.060745835,0.907796
49192,0.7729477,0.61128825
49193,0.058182146,0.21169156
49194,0.029944079,0.08155927
49195,0.03935047,0.40207985
49196,0.10689378,0.89838296
49197,0.025174372,0.13523708
49198,0.033847224,0.8980194
49199,0.016238132,0.048411645
49200,0.060295727,0.9733243
49201,0.892323,0.19866636
49202,0.045332674,0.6717809
49203,0.7536541,0.89973134
49204,0.025635459,0.02469969
49205,0.07492209,0.9826757
49206,0.026617903,0.086632594
49207,0.9199415,0.994703
49208,0.81330734,0.9757472
49209,0.007928811,0.90174675
49210,0.29267216,0.039555572
49211,0.51340216,0.4449124
49212,0.20872352,0.5552588
49213,0.08094882,0.6453647
49214,0.26899788,0.9608762
49215,0.45527458,0.7466428
49216,0.36018118,0.77717143
49217,0.13915674,0.88329977
49218,0.64034504,0.79761714
49219,0.049009614,0.75156224
49220,0.031226452,0.24237588
49221,0.24313797,0.30820686
49222,0.30696732,0.6384227
49223,0.21038204,0.45065165
49224,0.05881454,0.30499375
49225,0.67986345,0.9248261
49226,0.09177409,0.9602569
49227,0.084050246,0.1616847
49228,0.053450067,0.15867345
49229,0.0069266493,0.2461152
49230,0.31790894,0.15344904
49231,0.6841766,0.9417158
49232,0.07696897,0.84381485
49233,0.063496225,0.31135863
49234,0.025920821,0.72032946
49235,0.14702839,0.46618015
49236,0.02310705,0.58484066
49237,0.9494103,0.9778535
49238,0.66682947,0.92396045
49239,0.5097557,0.89287883
49240,0.121326596,0.37580717
49241,0.044785663,0.6293675
49242,0.46242082,0.6729194
49243,0.14143279,0.023875125
49244,0.013080907,0.025488116
49245,0.6762864,0.8983092
49246,0.19949462,0.92576087
49247,0.9578722,0.66189134
49248,0.007778074,0.03087044
49249,0.2189719,0.6069783
49250,0.01952115,0.053940628
49251,0.052855838,0.14853238
49252,0.058115944,0.85323983
49253,0.07414826,0.3047651
49254,0.82090163,0.36233503
49255,0.014133678,0.88916314
49256,0.068085305,0.27749857
49257,0.0076992163,0.04918147
49258,0.06543929,0.14455643
49259,0.0032850995,0.12654243
49260,0.8092504,0.5465594
49261,0.019290844,0.09351425
49262,0.032954145,0.15641062
49263,0.009701547,0.024765404
49264,0.06854404,0.8703755
49265,0.26192832,0.7159207
49266,0.20294763,0.055973843
49267,0.6447338,0.46886435
49268,0.0034182114,0.19557999
49269,0.00860564,0.02553551
49270,0.010762274,0.054513585
49271,0.5943477,0.9216549
49272,0.25179362,0.5634866
49273,0.3193638,0.31950036
49274,0.032170814,0.085199706
49275,0.09186027,0.9837156
49276,0.17322908,0.613842
49277,0.010355067,0.14134602
49278,0.90819013,0.9815244
49279,0.542427,0.47944337
49280,0.028366998,0.018430972
49281,0.015117503,0.34664476
49282,0.007030262,0.02090232
49283,0.07585883,0.4863832
49284,0.11928864,0.1172531
49285,0.07798102,0.22164164
49286,0.043786544,0.7525461
49287,0.91363657,0.81582296
49288,0.09400159,0.031137722
49289,0.15154038,0.9249733
49290,0.89375913,0.847809
49291,0.040697746,0.31386232
49292,0.41100082,0.8068514
49293,0.010478288,0.18356296
49294,0.023312207,0.11019845
49295,0.36313343,0.08967821
49296,0.007505752,0.5919838
49297,0.01635841,0.78149223
49298,0.011836701,0.12752037
49299,0.15289786,0.3791489
49300,0.09047996,0.30579108
49301,0.009060889,0.0011098816
49302,0.018660577,0.06521685
49303,0.29718187,0.6586716
49304,0.063511625,0.6682515
49305,0.020304566,0.053155247
49306,0.11184255,0.5343779
49307,0.12437004,0.51456577
49308,0.08302389,0.95886385
49309,0.17736405,0.39497918
49310,0.04925877,0.63317925
49311,0.009572565,0.7321593
49312,0.11035622,0.6215452
49313,0.025773523,0.2904927
49314,0.9597365,0.85690314
49315,0.0005625627,0.0009536099
49316,0.37107116,0.81779885
49317,0.025221638,0.104749136
49318,0.08804724,0.19827272
49319,0.026808169,0.028246617
49320,0.1317618,0.55739367
49321,0.01147283,0.3407049
49322,0.094379656,0.9528074
49323,0.40172756,0.9869751
49324,0.29446432,0.42740157
49325,0.09814278,0.93523216
49326,0.06354057,0.03749825
49327,0.04760032,0.19660945
49328,0.19921613,0.6564269
49329,0.0067281364,0.40554118
49330,0.016195128,0.054827806
49331,0.21660063,0.09562167
49332,0.0142405545,0.90598
49333,0.0039666686,0.09202825
49334,0.060250703,0.84792334
49335,0.0709387,0.36572653
49336,0.025807325,0.07267138
49337,0.37349945,0.49320894
49338,0.00020824057,0.01224526
49339,0.23391564,0.18591672
49340,0.04577766,0.08978234
49341,0.041813783,0.14532694
49342,0.02396942,0.33532473
49343,0.013724902,0.16782174
49344,0.030111337,0.85522753
49345,0.1927362,0.9394522
49346,0.76210195,0.5174162
49347,0.006065931,0.052332085
49348,0.014030626,0.46611503
49349,0.023061473,0.0059462865
49350,0.012628142,0.8540882
49351,0.017707048,0.06471667
49352,0.44826865,0.37940398
49353,0.04235335,0.70713204
49354,0.014812146,0.3998952
49355,0.038239095,0.195764
49356,0.021146022,0.31173015
49357,0.1974659,0.6828148
49358,0.07158911,0.9672026
49359,0.15520383,0.27075756
49360,0.07340378,0.33417934
49361,0.10689402,0.0064862133
49362,0.00034538194,0.018578015
49363,0.05940491,0.1918053
49364,0.04822481,0.45480898
49365,0.67828506,0.7973492
49366,0.20389953,0.6013774
49367,0.15106104,0.8723876
49368,0.30012622,0.5690577
49369,0.03877391,0.6588984
49370,0.9482728,0.96303767
49371,0.5514944,0.54757917
49372,0.12988748,0.1498711
49373,0.46972373,0.37219012
49374,0.009172877,0.015134212
49375,0.119952016,0.20324977
49376,0.023528485,0.13555789
49377,0.009673834,0.29384816
49378,0.07405816,0.76118785
49379,0.008372856,0.10235477
49380,0.97844523,0.9915133
49381,0.10356156,0.10495584
49382,0.011029589,0.036418587
49383,0.8597089,0.9557383
49384,0.015404852,0.06954147
49385,0.028249804,0.33968595
49386,0.006044946,0.03659142
49387,0.09761393,0.24359214
49388,0.37162164,0.86906534
49389,0.01716801,0.80223817
49390,0.15911722,0.21945295
49391,0.01764267,0.06296442
49392,0.0023775955,0.027207024
49393,0.12117509,0.5904108
49394,0.016921187,0.60988355
49395,0.28041512,0.6705747
49396,0.025581766,0.66302675
49397,0.188857,0.71125185
49398,0.027636858,0.07951481
49399,0.078502096,0.17792241
49400,0.0017277052,0.06894138
49401,0.7736764,0.88142276
49402,0.8024176,0.9585231
49403,0.7834824,0.9419414
49404,0.024378933,0.14215876
49405,0.034468472,0.20715858
49406,0.10085501,0.31918797
49407,0.007471679,0.53958964
49408,0.010120141,0.055955652
49409,0.07917596,0.8186327
49410,0.25510076,0.8483595
49411,0.0404913,0.8438309
49412,0.7074156,0.8357775
49413,0.013954037,0.19135335
49414,0.008641923,0.055868175
49415,0.043990098,0.05540688
49416,0.45398188,0.9938904
49417,0.080022134,0.32670334
49418,0.055099837,0.5497776
49419,0.7653487,0.9546085
49420,0.034040824,0.9239999
49421,0.09107185,0.24461468
49422,0.6783968,0.7167334
49423,0.027405618,0.030818235
49424,0.035644453,0.027564058
49425,0.08401017,0.12069725
49426,0.035022795,0.36100492
49427,0.07099884,0.3211998
49428,0.072595745,0.91823465
49429,0.19720204,0.7382652
49430,0.024141328,0.19570787
49431,0.0770272,0.7741769
49432,0.0045127585,0.056431964
49433,0.6709746,0.4195362
49434,0.0923343,0.17453124
49435,0.0739296,0.86151344
49436,0.01691642,0.2975122
49437,0.4478183,0.7312554
49438,0.049492083,0.069843
49439,0.35939196,0.1564219
49440,0.029302703,0.7437357
49441,0.82959425,0.95854896
49442,0.0024683175,0.010206366
49443,0.010134094,0.03314328
49444,0.43041158,0.8945762
49445,0.03672973,0.73438394
49446,0.009318456,0.06374308
49447,0.40306893,0.6828278
49448,0.6936658,0.90183204
49449,0.8587352,0.8567867
49450,0.017861256,0.5607416
49451,0.08324966,0.9357539
49452,0.038481794,0.2093035
49453,0.004605605,0.09139976
49454,0.9577652,0.97604793
49455,0.017016437,0.54022264
49456,0.03981331,0.10624927
49457,0.1538619,0.9349333
49458,0.17360207,0.09269284
49459,0.06524552,0.75972784
49460,0.35342047,0.3878237
49461,0.8947943,0.6653501
49462,0.0099671725,0.7840421
49463,0.80210346,0.954101
49464,0.007641975,0.15014626
49465,0.092041224,0.8607748
49466,0.014881051,0.18894115
49467,0.018642187,0.8083462
49468,0.9591935,0.91036296
49469,0.047428504,0.15619518
49470,0.06108652,0.6372715
49471,0.32212633,0.7251251
49472,0.07792949,0.287034
49473,0.35403007,0.81145215
49474,0.0027165778,0.22674218
49475,0.1630673,0.3784184
49476,0.029997367,0.05266479
49477,0.032680474,0.9914614
49478,0.5986391,0.7675131
49479,0.32435015,0.96310824
49480,0.06435065,0.19143847
49481,0.032798853,0.7726575
49482,0.056874696,0.48289776
49483,0.22817379,0.458915
49484,0.038545016,0.18536142
49485,0.1578608,0.14994621
49486,0.15553625,0.19751875
49487,0.108225726,0.2320477
49488,0.21140087,0.7344069
49489,0.0019530682,0.29681858
49490,0.030276123,0.0371474
49491,0.14520437,0.09045138
49492,0.05950148,0.13204722
49493,0.1339706,0.16549778
49494,0.009493472,0.3364936
49495,0.61594856,0.8252314
49496,0.033310294,0.02070585
49497,0.040679656,0.09591794
49498,0.011229536,0.079708196
49499,0.099918745,0.65039295
49500,0.007264779,0.8245759
49501,0.009515931,0.22070424
49502,0.15291,0.648391
49503,0.25842136,0.14605221
49504,0.024682779,0.26588365
49505,0.026076479,0.9535451
49506,0.033630867,0.6969925
49507,0.044422068,0.21021612
49508,0.0143545875,0.18057087
49509,0.33876076,0.4243584
49510,0.006232597,0.6499304
49511,0.14549261,0.1910596
49512,0.51692307,0.42490306
49513,0.029198775,0.06274221
49514,0.07075247,0.14136136
49515,0.102449,0.46586788
49516,0.48494872,0.42589125
49517,0.018306833,0.23694646
49518,0.024794625,0.765202
49519,0.20275542,0.8228929
49520,0.11171222,0.18586871
49521,0.12924606,0.52052075
49522,0.5730626,0.80136293
49523,0.041211277,0.6776037
49524,0.041515302,0.2262238
49525,0.050671704,0.102988146
49526,0.0773585,0.5835116
49527,0.15174526,0.9282577
49528,0.01824831,0.7280145
49529,0.14486958,0.031071857
49530,0.76024914,0.54888636
49531,0.0738899,0.81021225
49532,0.32188478,0.36188856
49533,0.40415457,0.84384215
49534,0.013245077,0.053382784
49535,0.029552436,0.035308126
49536,0.061519377,0.06437479
49537,0.66363966,0.31725693
49538,0.018616222,0.6530043
49539,0.22213078,0.1149235
49540,0.0112699615,0.15292744
49541,0.0045769657,0.06611671
49542,0.1057795,0.17989393
49543,0.19257303,0.108767465
49544,0.016045332,0.018129122
49545,0.014521726,0.4177496
49546,0.11663456,0.13761373
49547,0.0021959697,0.80883014
49548,0.8801243,0.33308718
49549,0.027805364,0.026614884
49550,0.01890493,0.2465073
49551,0.6374855,0.66670126
49552,0.007530965,0.1703303
49553,0.073222995,0.07846356
49554,0.9495808,0.9329625
49555,0.09431836,0.7703248
49556,0.03606401,0.022553181
49557,0.8505128,0.89053035
49558,0.5694566,0.92395043
49559,0.004976923,0.12377975
49560,0.2398623,0.9654529
49561,0.35694242,0.30857697
49562,0.25514233,0.85418975
49563,0.19416414,0.9222143
49564,0.017944677,0.3901229
49565,0.021723086,0.09665638
49566,0.021246048,0.9403003
49567,0.17177752,0.55067474
49568,0.6897351,0.76570755
49569,0.03484612,0.5936008
49570,0.10412488,0.44060633
49571,0.028401744,0.05605432
49572,0.003486713,0.17174503
49573,0.0085759405,0.31775117
49574,0.0627174,0.3498517
49575,0.058857553,0.91396946
49576,0.3146223,0.6949511
49577,0.33881626,0.31192094
49578,0.09932507,0.29154462
49579,0.15766606,0.09256887
49580,0.47022963,0.7676423
49581,0.07807841,0.818215
49582,0.7372657,0.80540127
49583,0.44811878,0.7204042
49584,0.042266104,0.5260014
49585,0.029123137,0.056068473
49586,0.030117633,0.040673368
49587,0.80253726,0.9726783
49588,0.71381843,0.9158581
49589,0.96397007,0.9344858
49590,0.048328985,0.16996787
49591,0.6669646,0.7053937
49592,0.02979357,0.8562475
49593,0.055709712,0.6476976
49594,0.010660318,0.9296033
49595,0.034668483,0.7572192
49596,0.02638411,0.059086807
49597,0.05365547,0.76445985
49598,0.05654777,0.2871633
49599,0.039082788,0.29621515
49600,0.94410574,0.9006945
49601,0.017761713,0.5423041
49602,0.049521446,0.110456645
49603,0.022264896,0.065934286
49604,0.3331866,0.4652605
49605,0.40924254,0.33875364
49606,0.15147568,0.51173395
49607,0.025715332,0.8319742
49608,0.013929102,0.7683091
49609,0.040810145,0.28313547
49610,0.007361908,0.21254447
49611,0.15328291,0.8198051
49612,0.013497952,0.054004528
49613,0.10707245,0.52467906
49614,0.17369962,0.80784374
49615,0.07291001,0.9172196
49616,0.20159407,0.8619561
49617,0.05822862,0.30637425
49618,0.9454499,0.99154705
49619,0.021694636,0.90156037
49620,0.099389024,0.76752424
49621,0.0077037243,0.0908294
49622,0.0053904215,0.05999241
49623,0.653105,0.47172892
49624,0.09427358,0.1788313
49625,0.0038799052,0.0888737
49626,0.13372217,0.8691276
49627,0.1563231,0.12814215
49628,0.2179935,0.09578585
49629,0.005024839,0.43718874
49630,0.018810432,0.030370766
49631,0.2193002,0.44882157
49632,0.19777483,0.2991922
49633,0.00869294,0.9330593
49634,0.03240883,0.6316937
49635,0.90974605,0.9488312
49636,0.07828685,0.2890922
49637,0.8180432,0.520027
49638,0.11369742,0.1146751
49639,0.25227234,0.32719827
49640,0.88402605,0.90745085
49641,0.21822728,0.15249245
49642,0.24783394,0.82899207
49643,0.02424545,0.60941666
49644,0.008164249,0.07578546
49645,0.9335695,0.9761143
49646,0.20872058,0.09176016
49647,0.12437577,0.7102217
49648,0.023357626,0.97248006
49649,0.0066592563,0.10179609
49650,0.012741139,0.8605367
49651,0.008810555,0.020875812
49652,0.24220535,0.32392344
49653,0.006140085,0.012886165
49654,0.02707548,0.91551834
49655,0.093376204,0.2645204
49656,0.00059188885,0.12698802
49657,0.04663008,0.7204335
49658,0.21882012,0.5455201
49659,0.57706356,0.72651017
49660,0.07054998,0.40565923
49661,0.07394172,0.1714106
49662,0.0034268766,0.12583953
49663,0.11180596,0.36647734
49664,0.18616895,0.22770578
49665,0.915542,0.777223
49666,0.06645575,0.20467117
49667,0.02663564,0.83369434
49668,0.005941996,0.048383385
49669,0.036796715,0.9383219
49670,0.01675753,0.06577424
49671,0.1866186,0.97727156
49672,0.03650414,0.57313913
49673,0.014162224,0.21435401
49674,0.028225282,0.43426985
49675,0.12918861,0.20199075
49676,0.2684767,0.47120604
49677,0.10238952,0.25156683
49678,0.7601289,0.6914367
49679,0.094472036,0.10810854
49680,0.8870111,0.9331416
49681,0.034172572,0.90838337
49682,0.051552277,0.8694474
49683,0.6293271,0.91911244
49684,0.94805044,0.8141809
49685,0.0077518024,0.055521917
49686,0.019146474,0.6072782
49687,0.37067205,0.8601855
49688,0.019309498,0.9593397
49689,0.0039599487,0.116758674
49690,0.007839512,0.27508706
49691,0.028204808,0.5261905
49692,0.300342,0.7579795
49693,0.032146204,0.11011769
49694,0.045619816,0.5013318
49695,0.16898386,0.36202624
49696,0.11812995,0.6528163
49697,0.043017488,0.54820246
49698,0.09292922,0.19401972
49699,0.34580818,0.24770117
49700,0.78444576,0.9836062
49701,0.027956465,0.021426665
49702,0.1445127,0.84648526
49703,0.004610791,0.35121533
49704,0.0011261452,0.00639885
49705,0.38659316,0.6136636
49706,0.1188769,0.92886174
49707,0.007642987,0.6589648
49708,0.012466032,0.04187362
49709,0.044830695,0.107064106
49710,0.038444698,0.42249066
49711,0.13497442,0.7367245
49712,0.00811464,0.016824197
49713,0.76704586,0.79250467
49714,0.1870421,0.79378575
49715,0.3114713,0.020380136
49716,0.014458965,0.3653539
49717,0.7778335,0.9133077
49718,0.07298806,0.7460195
49719,0.25941426,0.888352
49720,0.15373921,0.78979605
49721,0.021152074,0.21911767
49722,0.00658716,0.029937882
49723,0.0073500276,0.35572997
49724,0.5641305,0.33837253
49725,0.12948379,0.5500707
49726,0.018288875,0.033284612
49727,0.4276488,0.91292316
49728,0.011655921,0.06447337
49729,0.0005247349,0.24526063
49730,0.83119667,0.9128402
49731,0.0015055678,0.0984394
49732,0.38016167,0.06576242
49733,0.24666062,0.030657643
49734,0.17572336,0.35175988
49735,0.044757135,0.6218781
49736,0.05190532,0.06559325
49737,0.02248482,0.12379284
49738,0.14414023,0.84889585
49739,0.040927563,0.10593975
49740,0.004999136,0.034802005
49741,0.025864825,0.095757216
49742,0.39689788,0.5808858
49743,0.06396849,0.44586563
49744,0.06759799,0.18934543
49745,0.0063590524,0.022547537
49746,0.06893056,0.1684051
49747,0.09051608,0.80648977
49748,0.89692503,0.8897617
49749,0.22909854,0.96620196
49750,0.26976246,0.6118854
49751,0.6494578,0.5361929
49752,0.036436427,0.5555614
49753,0.079524435,0.5734087
49754,0.001715743,0.07615983
49755,0.054068036,0.21746308
49756,0.0076393103,0.7709774
49757,0.03992376,0.41921526
49758,0.13418445,0.28279835
49759,0.73974293,0.97203875
49760,0.46385506,0.65670407
49761,0.0019952718,0.13885961
49762,0.23523474,0.6079236
49763,0.3452637,0.75185263
49764,0.3124409,0.9718056
49765,0.07427648,0.038859636
49766,0.06445302,0.13560946
49767,0.1398442,0.4415781
49768,0.225108,0.9158321
49769,0.15518767,0.2982446
49770,0.30743232,0.63818085
49771,0.9602034,0.9191688
49772,0.06607079,0.3484149
49773,0.10918962,0.48142564
49774,0.011284998,0.8517037
49775,0.00976862,0.3697422
49776,0.08446288,0.93120694
49777,0.7211406,0.9114447
49778,0.120935515,0.15168168
49779,0.43742192,0.9061113
49780,0.0012400381,0.0521127
49781,0.0024966553,0.010460395
49782,0.03906907,0.055072524
49783,0.15633644,0.29548484
49784,0.38520047,0.5297853
49785,0.1585367,0.1421469
49786,0.20295046,0.9446387
49787,0.06227839,0.60412145
49788,0.20846404,0.03498814
49789,0.36387372,0.1211303
49790,0.045585085,0.09343802
49791,0.96635467,0.9489366
49792,0.035097,0.8753866
49793,0.51017594,0.59664065
49794,0.5406486,0.7359842
49795,0.015122509,0.15585169
49796,0.042913083,0.7260257
49797,0.9389773,0.8679209
49798,0.118146345,0.113884024
49799,0.2655773,0.6470818
49800,0.046116088,0.9249129
49801,0.9118574,0.9105465
49802,0.19267988,0.59747964
49803,0.35765317,0.16205804
49804,0.90731835,0.93393314
49805,0.009390137,0.62649065
49806,0.012938913,0.11941502
49807,0.06970956,0.24812295
49808,0.07912547,0.9456306
49809,0.0460488,0.82690656
49810,0.017224243,0.2647735
49811,0.2593832,0.084361844
49812,0.28696284,0.28748387
49813,0.09613063,0.62676054
49814,0.013974377,0.026453959
49815,0.17975348,0.44250277
49816,0.01789586,0.84907275
49817,0.026650552,0.81841433
49818,0.80790144,0.7919665
49819,0.53071475,0.7665676
49820,0.9213365,0.9766481
49821,0.6476296,0.8469136
49822,0.08337894,0.06063717
49823,0.026268708,0.5289374
49824,0.015269602,0.13069378
49825,0.066280246,0.047463153
49826,0.25068346,0.4489696
49827,0.72237074,0.83959806
49828,0.18589002,0.21668881
49829,0.87078184,0.93486345
49830,0.04723911,0.75206685
49831,0.93852997,0.83586615
49832,0.020879019,0.8531766
49833,0.040981546,0.63359964
49834,0.022400701,0.6581507
49835,0.014364948,0.023588983
49836,0.1577439,0.6664087
49837,0.09499235,0.29446283
49838,0.34052062,0.4998495
49839,0.7089303,0.5842086
49840,0.06896343,0.12941618
49841,0.045135755,0.7445041
49842,0.038045928,0.67304075
49843,0.011796394,0.7332118
49844,0.2728312,0.9373193
49845,0.90025234,0.56273115
49846,0.08178483,0.1205622
49847,0.16004735,0.87303644
49848,0.010806097,0.03472575
49849,0.07591528,0.7485617
49850,0.09203093,0.80250853
49851,0.013797947,0.018676974
49852,0.0066465223,0.45194602
49853,0.31746033,0.1943543
49854,0.048712246,0.5389512
49855,0.90133744,0.9676856
49856,0.0696856,0.43170676
49857,0.4011143,0.9118741
49858,0.019418823,0.4972324
49859,0.6287462,0.7411166
49860,0.031457875,0.14543943
49861,0.06321362,0.25273025
49862,0.06773947,0.8181398
49863,0.1241584,0.76673883
49864,0.048367172,0.055484135
49865,0.45715472,0.123254724
49866,0.9388998,0.8595677
49867,0.12004832,0.46829057
49868,0.15005557,0.37878063
49869,0.021408422,0.9076322
49870,0.10567621,0.96292645
49871,0.041450772,0.11100933
49872,0.09145445,0.60135746
49873,0.51303357,0.8404773
49874,0.036089566,0.20750251
49875,0.014208888,0.17172697
49876,0.82549554,0.980257
49877,0.12484769,0.3064896
49878,0.047315594,0.024875132
49879,0.027102822,0.07869044
49880,0.004673444,0.043394264
49881,0.33071873,0.2909483
49882,0.43305412,0.9597933
49883,0.044971224,0.978212
49884,0.35866857,0.77003896
49885,0.66911936,0.9693198
49886,0.10721803,0.33277348
49887,0.8889571,0.59598964
49888,0.016710015,0.6050967
49889,0.04491836,0.30291492
49890,0.31910852,0.9043704
49891,0.009138945,0.05428252
49892,0.026279138,0.40745664
49893,0.75336987,0.813202
49894,0.1908741,0.12926577
49895,0.050471053,0.8199452
49896,0.01628079,0.13152939
49897,0.005462126,0.04235935
49898,0.07070466,0.16095704
49899,0.09579793,0.4997093
49900,0.109945826,0.8656864
49901,0.50227785,0.3517277
49902,0.14085278,0.68806076
49903,0.04804614,0.07272927
49904,0.1206592,0.35393238
49905,0.9609195,0.9463814
49906,0.08056211,0.025199099
49907,0.021404691,0.9807335
49908,0.016507378,0.16231428
49909,0.7083439,0.85994476
49910,0.015953498,0.037140504
49911,0.015599427,0.6325613
49912,0.007616076,0.055190124
49913,0.009101825,0.023664968
49914,0.0041325097,0.030946566
49915,0.02507406,0.22872528
49916,0.1169308,0.38750124
49917,0.96616036,0.99465513
49918,0.048723437,0.78363055
49919,0.023303984,0.008242749
49920,0.8591831,0.9695761
49921,0.27040252,0.45327592
49922,0.9201983,0.9580303
49923,0.059414443,0.64681524
49924,0.23807374,0.92022157
49925,0.08715091,0.18205082
49926,0.35596043,0.44737586
49927,0.029474735,0.19193532
49928,0.18926197,0.2973038
49929,0.0009473338,0.04923219
49930,0.035127655,0.8214026
49931,0.19619633,0.526177
49932,0.003784194,0.3434351
49933,0.2370568,0.4942968
49934,0.011996268,0.8400242
49935,0.030781666,0.013324784
49936,0.14615104,0.3111594
49937,0.03799138,0.40997377
49938,0.8809152,0.89897853
49939,0.07871108,0.27364704
49940,0.9662982,0.9971685
49941,0.39130065,0.90059274
49942,0.20881076,0.63021946
49943,0.08202133,0.74197215
49944,0.9131528,0.9252594
49945,0.011287468,0.031363513
49946,0.17679596,0.37812316
49947,0.13415457,0.35111737
49948,0.013451344,0.95308685
49949,0.41842216,0.34297088
49950,0.023920845,0.12972409
49951,0.060642578,0.061845478
49952,0.7456556,0.77524424
49953,0.27996066,0.2505326
49954,0.24646008,0.18883538
49955,0.49749798,0.9073989
49956,0.015181895,0.0060017835
49957,0.0662472,0.67390037
49958,0.013254484,0.2206123
49959,0.046940465,0.1406248
49960,0.46222228,0.7853046
49961,0.034390423,0.81083846
49962,0.053654213,0.07419553
49963,0.23858051,0.9050131
49964,0.028425325,0.35515833
49965,0.07977585,0.75809336
49966,0.07045343,0.50479406
49967,0.058095317,0.64716536
49968,0.009779041,0.013275905
49969,0.034603298,0.014260207
49970,0.35308427,0.4800871
49971,0.09152266,0.81726086
49972,0.002444355,0.39787677
49973,0.038463328,0.5458629
49974,0.15653573,0.677046
49975,0.6455699,0.117222495
49976,0.61064017,0.29160148
49977,0.2174154,0.20822686
49978,0.15452342,0.59510034
49979,0.8962845,0.8203819
49980,0.026852578,0.9487721
49981,0.031249434,0.26563436
49982,0.10890906,0.9740691
49983,0.06583275,0.04532359
49984,0.26331022,0.73442405
49985,0.07250384,0.9017821
49986,0.34937304,0.25148425
49987,0.15467091,0.25472012
49988,0.7845806,0.8866668
49989,0.07386073,0.5075041
49990,0.106664605,0.27394605
49991,0.6448724,0.8746282
49992,0.023118688,0.08114806
49993,0.51906455,0.47887328
49994,0.024556097,0.8592522
49995,0.018075373,0.033907942
49996,0.3798556,0.6113341
49997,0.01074829,0.87576777
49998,0.5611511,0.34743527
49999,0.012047336,0.24121432
50000,0.061307542,0.32988048
50001,0.0043697925,0.061875068
50002,0.23360844,0.64730346
50003,0.05233333,0.25398466
50004,0.08991768,0.66015285
50005,0.7638395,0.8865846
50006,0.6223362,0.16501465
50007,0.031305656,0.89305884
50008,0.038658787,0.2548193
50009,0.011537684,0.076225415
50010,0.063449,0.856434
50011,0.013253724,0.022636699
50012,0.1204885,0.545618
50013,0.41263074,0.8000438
50014,0.040348273,0.04441637
50015,0.39013624,0.312731
50016,0.06373149,0.54563195
50017,0.039622977,0.03180808
50018,0.047235668,0.119346745
50019,0.6311046,0.88549805
50020,0.021979403,0.8410646
50021,0.12589398,0.18021458
50022,0.10763224,0.8705208
50023,0.89884657,0.51846796
50024,0.985805,0.98837507
50025,0.20869198,0.4680562
50026,0.00760858,0.843599
50027,0.059662875,0.8624947
50028,0.09707957,0.22559567
50029,0.058346067,0.9485842
50030,0.006512462,0.018733252
50031,0.047201645,0.82975894
50032,0.003995353,0.017920071
50033,0.07563065,0.57595915
50034,0.0031914576,0.09694314
50035,0.013671874,0.8317092
50036,0.044706125,0.3483179
50037,0.047429632,0.27800667
50038,0.21852827,0.16238514
50039,0.044482213,0.9329245
50040,0.13233113,0.2013592
50041,0.009281921,0.6418189
50042,0.06877461,0.7617886
50043,0.015549697,0.01506773
50044,0.011633651,0.08700784
50045,0.4400052,0.65464884
50046,0.017461626,0.8740213
50047,0.4864564,0.45523083
50048,0.0030591718,0.08539696
50049,0.41454625,0.3390957
50050,0.750003,0.96677756
50051,0.03701362,0.9559154
50052,0.0031576513,0.20246162
50053,0.0061791944,0.08701963
50054,0.8760196,0.9280178
50055,0.03686277,0.3446703
50056,0.13866259,0.24235499
50057,0.45215487,0.3872935
50058,0.1961686,0.099757895
50059,0.04584904,0.19227841
50060,0.056576326,0.30030283
50061,0.046488088,0.22179845
50062,0.0068608043,0.013994478
50063,0.035917077,0.083004475
50064,0.16907199,0.10620029
50065,0.046319574,0.16850592
50066,0.7814579,0.93406034
50067,0.061190225,0.5089739
50068,0.54415303,0.9066603
50069,0.24096045,0.59774333
50070,0.04077264,0.06394933
50071,0.042424027,0.5643925
50072,0.19477898,0.7062829
50073,0.31806,0.22217321
50074,0.088554606,0.9420716
50075,0.84168905,0.8210347
50076,0.44180617,0.98559237
50077,0.42911217,0.6968696
50078,0.15111528,0.2044919
50079,0.29119426,0.07016819
50080,0.28110233,0.53985333
50081,0.90952486,0.92260265
50082,0.5215115,0.81271195
50083,0.21987177,0.7831104
50084,0.052991774,0.018599698
50085,0.26404542,0.66714543
50086,0.14464878,0.20988458
50087,0.02982706,0.25715652
50088,0.0038372653,0.0927818
50089,0.8358328,0.5939088
50090,0.011058958,0.06751638
50091,0.031263206,0.5316946
50092,0.003734265,0.06691376
50093,0.4702609,0.64603716
50094,0.95154977,0.9058974
50095,0.6030548,0.9492767
50096,0.14148511,0.321381
50097,0.4073291,0.78940266
50098,0.013792704,0.26815528
50099,0.9306665,0.9678843
50100,0.009901784,0.38561514
50101,0.20238736,0.81537294
50102,0.10207907,0.4618245
50103,0.6766848,0.7386544
50104,0.011860048,0.60497266
50105,0.017154071,0.9327239
50106,0.0063964315,0.30634585
50107,0.012193898,0.058724653
50108,0.020083938,0.77312756
50109,0.015257259,0.060515065
50110,0.7798522,0.76337826
50111,0.7070673,0.068302795
50112,0.055979542,0.6624573
50113,0.002848842,0.05672312
50114,0.020880857,0.02443209
50115,0.075628564,0.4806242
50116,0.28003058,0.1208354
50117,0.2320043,0.8614454
50118,0.020796852,0.10441379
50119,0.004553478,0.013666718
50120,0.012916813,0.01232808
50121,0.2291104,0.1810325
50122,0.90659124,0.98377824
50123,0.0022120893,0.01645972
50124,0.0014993207,0.011261613
50125,0.1934029,0.86736107
50126,0.009613151,0.96160805
50127,0.041205954,0.7011505
50128,0.07867621,0.97155017
50129,0.036224578,0.14535105
50130,0.008609266,0.043935023
50131,0.6918112,0.9113065
50132,0.97326034,0.8682425
50133,0.1398372,0.17167304
50134,0.061275348,0.67673534
50135,0.05550524,0.076541185
50136,0.71186125,0.77060306
50137,0.13091077,0.4007366
50138,0.05275598,0.17020854
50139,0.053518232,0.94483054
50140,0.0015895906,0.048652243
50141,0.053026997,0.11703227
50142,0.22923402,0.7277726
50143,0.9222157,0.9515471
50144,0.13608257,0.8505465
50145,0.06589696,0.81009734
50146,0.7054773,0.8160871
50147,0.052878927,0.35654977
50148,0.8740676,0.83498424
50149,0.021392174,0.09296836
50150,0.07538887,0.15954249
50151,0.010238599,0.17962316
50152,0.04685456,0.71096283
50153,0.08034274,0.08443394
50154,0.043155838,0.8997281
50155,0.20352615,0.702576
50156,0.005974349,0.0038574168
50157,0.08178016,0.91116077
50158,0.8937682,0.99082774
50159,0.027158696,0.95660585
50160,0.022573372,0.39663926
50161,0.05605552,0.89465106
50162,0.043164168,0.08903908
50163,0.013053247,0.0752515
50164,0.009024155,0.12340262
50165,0.01617849,0.035761837
50166,0.0072511937,0.12514968
50167,0.30974746,0.70245034
50168,0.07246584,0.31787726
50169,0.10677232,0.32857028
50170,0.009343907,0.4145177
50171,0.20251018,0.23346265
50172,0.0097547965,0.8295836
50173,0.22514519,0.9215165
50174,0.17446777,0.3329484
50175,0.061079275,0.9320159
50176,0.0014261411,0.49521947
50177,0.12576033,0.078368105
50178,0.020585453,0.80933845
50179,0.091436,0.33955085
50180,0.0018552038,0.01735077
50181,0.055955775,0.104153246
50182,0.1634168,0.41818872
50183,0.87587065,0.9305943
50184,0.012214321,0.42110327
50185,0.8196798,0.0950103
50186,0.12524372,0.27183345
50187,0.68691975,0.8825739
50188,0.1848836,0.64594555
50189,0.012515091,0.011321128
50190,0.008748523,0.7399696
50191,0.91831297,0.8280202
50192,0.017304214,0.054331478
50193,0.27291155,0.38942707
50194,0.008746732,0.13498127
50195,0.044176828,0.9296102
50196,0.047454413,0.85363847
50197,0.38958445,0.52563256
50198,0.93522394,0.70479184
50199,0.006383456,0.20114316
50200,0.62870675,0.9271479
50201,0.014326448,0.89971405
50202,0.25233296,0.3915815
50203,0.01353777,0.16377604
50204,0.0065188636,0.095606826
50205,0.8949152,0.9807148
50206,0.7973626,0.86926806
50207,0.01475939,0.13541344
50208,0.011877742,0.82467735
50209,0.23106068,0.10186156
50210,0.050660945,0.4360872
50211,0.61632997,0.97006804
50212,0.87876713,0.9803816
50213,0.12702997,0.0935853
50214,0.08331029,0.7817454
50215,0.021545203,0.07806421
50216,0.101699926,0.81713635
50217,0.009446993,0.08965631
50218,0.009562474,0.4769974
50219,0.009925265,0.11820175
50220,0.037421696,0.37914
50221,0.14452834,0.57197297
50222,0.053977773,0.15502521
50223,0.03764425,0.10874806
50224,0.06770244,0.746368
50225,0.4834323,0.41687587
50226,0.2817163,0.44743568
50227,0.44015446,0.36854973
50228,0.040861446,0.5986833
50229,0.16221762,0.3343201
50230,0.019087993,0.3473805
50231,0.64836764,0.9790127
50232,0.027799476,0.44641834
50233,0.52199674,0.53476053
50234,0.49904373,0.7587239
50235,0.030371834,0.40102795
50236,0.07282682,0.43159637
50237,0.011033923,0.24564382
50238,0.4643151,0.6932291
50239,0.025416441,0.8702517
50240,0.016487194,0.52602446
50241,0.015642563,0.065950364
50242,0.027168216,0.41218624
50243,0.0037150509,0.13081712
50244,0.037808247,0.059762854
50245,0.83447355,0.9528715
50246,0.19636548,0.21603584
50247,0.7658074,0.42787904
50248,0.3917049,0.4969607
50249,0.055462293,0.59463555
50250,0.30566242,0.77756256
50251,0.0059947586,0.036836125
50252,0.045345407,0.26578963
50253,0.096899696,0.9416415
50254,0.07162276,0.94782716
50255,0.07678109,0.17320748
50256,0.027869357,0.20040943
50257,0.69484067,0.8283422
50258,0.03574679,0.26632518
50259,0.074215874,0.9598555
50260,0.06640514,0.24517174
50261,0.9613744,0.92973083
50262,0.026079724,0.084977165
50263,0.42809933,0.42566338
50264,0.0035139837,0.05436961
50265,0.9093058,0.9712432
50266,0.4700641,0.59275085
50267,0.012896522,0.48351645
50268,0.06427516,0.08557439
50269,0.045031656,0.37845793
50270,0.36456284,0.7050685
50271,0.036665414,0.06703994
50272,0.037766993,0.34489068
50273,0.029827524,0.7185746
50274,0.17443445,0.65932864
50275,0.026875073,0.5875741
50276,0.0050821635,0.15925263
50277,0.018692615,0.23122662
50278,0.86289483,0.9458921
50279,0.11465857,0.2098759
50280,0.021235624,0.2299711
50281,0.028007463,0.12638725
50282,0.03655572,0.10489009
50283,0.76746,0.9362626
50284,0.054036032,0.14813736
50285,0.71911174,0.8761434
50286,0.014199713,0.054513033
50287,0.22170565,0.8659684
50288,0.08729057,0.44457993
50289,0.5515049,0.72190344
50290,0.039069224,0.019575909
50291,0.47672048,0.21802604
50292,0.02506347,0.096453995
50293,0.18016881,0.19202253
50294,0.035147686,0.52625537
50295,0.25178003,0.043832794
50296,0.7463348,0.923475
50297,0.04929203,0.5355085
50298,0.014020729,0.49979421
50299,0.025421673,0.20396268
50300,0.33734316,0.9260512
50301,0.013073141,0.025053505
50302,0.98291653,0.990755
50303,0.7561648,0.89863193
50304,0.15155421,0.31960234
50305,0.12130049,0.48390123
50306,0.0039641373,0.27929682
50307,0.011818031,0.22728486
50308,0.44250593,0.8394574
50309,0.14472413,0.6908673
50310,0.9791206,0.7250853
50311,0.8241682,0.8162697
50312,0.060994238,0.18279739
50313,0.03972426,0.19933438
50314,0.7067063,0.86552536
50315,0.13287933,0.9494051
50316,0.050231237,0.8831879
50317,0.04857629,0.08353653
50318,0.051085383,0.39933893
50319,0.057680767,0.76925445
50320,0.008580033,0.2419102
50321,0.2530095,0.8976545
50322,0.026781987,0.32205752
50323,0.18287551,0.50107044
50324,0.15740308,0.42480442
50325,0.15532582,0.7568575
50326,0.043458935,0.5037738
50327,0.051216025,0.962663
50328,0.008279843,0.86772585
50329,0.1767809,0.3109032
50330,0.13914931,0.34464365
50331,0.122240804,0.30592147
50332,0.09851769,0.3457035
50333,0.9857087,0.9342531
50334,0.0898176,0.8774262
50335,0.76535296,0.9073196
50336,0.088920794,0.9788053
50337,0.0044921404,0.049504258
50338,0.082318224,0.81986684
50339,0.019709503,0.4836682
50340,0.04494457,0.14242478
50341,0.015069756,0.38836753
50342,0.21772526,0.24644291
50343,0.5139642,0.8614031
50344,0.028769035,0.7997213
50345,0.15433796,0.7650794
50346,0.06518062,0.1908559
50347,0.024093928,0.50303394
50348,0.017237833,0.0037859667
50349,0.030642902,0.06007426
50350,0.023431491,0.006723161
50351,0.028360665,0.19638042
50352,0.050124314,0.07711943
50353,0.031412564,0.6125582
50354,0.30598992,0.43025076
50355,0.015629338,0.11410931
50356,0.22004989,0.050841138
50357,0.06948219,0.023007618
50358,0.06619377,0.7097955
50359,0.01945642,0.15937948
50360,0.023777498,0.016641028
50361,0.00824317,0.046623126
50362,0.968287,0.95870024
50363,0.31611067,0.21719947
50364,0.89672726,0.936692
50365,0.047488943,0.45424128
50366,0.4244479,0.7420573
50367,0.011709046,0.069951996
50368,0.032557625,0.69208974
50369,0.19643131,0.7083279
50370,0.8066073,0.9182072
50371,0.17406578,0.4261946
50372,0.020588305,0.17547521
50373,0.01742178,0.30051962
50374,0.092433736,0.36741585
50375,0.11987767,0.15436205
50376,0.026614372,0.13639699
50377,0.50219005,0.97331727
50378,0.027504105,0.05799515
50379,0.15499488,0.3470225
50380,0.16135569,0.37485293
50381,0.047342252,0.094254814
50382,0.055613518,0.58274186
50383,0.19196235,0.6235023
50384,0.018826189,0.21994331
50385,0.013018818,0.49744487
50386,0.9320377,0.67760897
50387,0.06777083,0.31793335
50388,0.012016778,0.05389802
50389,0.005916392,0.032828797
50390,0.0338366,0.5911421
50391,0.016688515,0.95533025
50392,0.042893972,0.035466094
50393,0.11544016,0.5443561
50394,0.07916259,0.107321225
50395,0.9485283,0.70288557
50396,0.037879102,0.073554516
50397,0.8194338,0.22232592
50398,0.045965422,0.2626988
50399,0.04869183,0.9440626
50400,0.0035994742,0.7054723
50401,0.44650903,0.5182051
50402,0.30528808,0.93161595
50403,0.08004883,0.07457432
50404,0.0446676,0.12585868
50405,0.5847989,0.5662813
50406,0.2067728,0.4921348
50407,0.04325776,0.35356253
50408,0.23214218,0.9325244
50409,0.049948078,0.47456524
50410,0.033368647,0.11906579
50411,0.05110324,0.88935095
50412,0.6494222,0.44686496
50413,0.008491644,0.062471062
50414,0.0660134,0.04394079
50415,0.027371848,0.2899553
50416,0.064473815,0.35930508
50417,0.049141463,0.61522865
50418,0.63905483,0.96245646
50419,0.09299844,0.1838481
50420,0.027253397,0.5126859
50421,0.04386714,0.09186304
50422,0.10006712,0.1885192
50423,0.26925188,0.6155073
50424,0.76376796,0.8672062
50425,0.028178446,0.90386885
50426,0.043422204,0.8469476
50427,0.008021569,0.023359736
50428,0.8358842,0.65307546
50429,0.013206363,0.36371222
50430,0.0074179526,0.07467918
50431,0.037425537,0.16468045
50432,0.03904921,0.80196387
50433,0.179119,0.16893435
50434,0.006713895,0.12658437
50435,0.7399343,0.8142214
50436,0.078418545,0.9793027
50437,0.14703451,0.5417032
50438,0.51519233,0.9265354
50439,0.11253329,0.39957967
50440,0.048821095,0.42419428
50441,0.87341756,0.9513426
50442,0.003459806,0.05054095
50443,0.09589706,0.47972164
50444,0.78820217,0.97359854
50445,0.51041913,0.6235044
50446,0.59432477,0.35281324
50447,0.24167465,0.31477255
50448,0.012640604,0.25290594
50449,0.5818039,0.7913678
50450,0.55244386,0.21116772
50451,0.28120536,0.8083963
50452,0.06501574,0.35592225
50453,0.88648385,0.84735316
50454,0.056499273,0.8819073
50455,0.6260682,0.7475095
50456,0.027718492,0.06087562
50457,0.007310252,0.56368786
50458,0.11180759,0.53104776
50459,0.4254262,0.7512779
50460,0.041534737,0.32457384
50461,0.32983723,0.49268416
50462,0.71807,0.708822
50463,0.04609439,0.45777002
50464,0.013558259,0.1202959
50465,0.028923985,0.08586472
50466,0.2140475,0.3207613
50467,0.35190758,0.41600123
50468,0.01175105,0.025123168
50469,0.8904202,0.8762792
50470,0.0056874277,0.045745328
50471,0.49331757,0.80697316
50472,0.2526826,0.8927692
50473,0.48374692,0.8317841
50474,0.9748581,0.9618665
50475,0.033913683,0.96877944
50476,0.02092656,0.36097932
50477,0.05107215,0.6790518
50478,0.0034722215,0.058272447
50479,0.09200498,0.03202219
50480,0.033869132,0.6209412
50481,0.11041136,0.84175366
50482,0.5121908,0.53427315
50483,0.06873073,0.14057113
50484,0.11485057,0.550834
50485,0.0016234292,0.19622509
50486,0.11034657,0.9785719
50487,0.07829413,0.041511506
50488,0.11399513,0.8289022
50489,0.055853914,0.90150523
50490,0.012548973,0.040473584
50491,0.029148037,0.042421423
50492,0.11635992,0.1652364
50493,0.015849682,0.5458909
50494,0.20506099,0.098519005
50495,0.85312456,0.74719244
50496,0.26470813,0.76379156
50497,0.17351972,0.20596609
50498,0.007429329,0.22354753
50499,0.017048633,0.072693706
50500,0.9096985,0.9603173
50501,0.027222134,0.079733014
50502,0.20508987,0.48567727
50503,0.040784065,0.013584284
50504,0.3900595,0.95718294
50505,0.0020602637,0.019493494
50506,0.018073807,0.17218599
50507,0.1482478,0.07829305
50508,0.013615103,0.121881776
50509,0.07251123,0.10382969
50510,0.0025648726,0.37144813
50511,0.036817484,0.9253686
50512,0.026413849,0.18017003
50513,0.011225587,0.5388679
50514,0.20338753,0.80367035
50515,0.021381795,0.04790272
50516,0.90395427,0.6652562
50517,0.014294358,0.09930218
50518,0.032415867,0.58426493
50519,0.004597033,0.33151564
50520,0.036166564,0.3387654
50521,0.19401908,0.17362781
50522,0.40144923,0.71722996
50523,0.3623041,0.8689939
50524,0.17028823,0.30986014
50525,0.13182522,0.8995229
50526,0.034886047,0.8745638
50527,0.084906235,0.16330862
50528,0.0064635086,0.08243305
50529,0.017588811,0.10480247
50530,0.15533826,0.9833823
50531,0.6162193,0.71095526
50532,0.033146247,0.12625715
50533,0.048504606,0.14896928
50534,0.0070736115,0.0051581133
50535,0.01044414,0.06132011
50536,0.07251622,0.22565381
50537,0.016812654,0.1493796
50538,0.10442445,0.18389156
50539,0.020482106,0.1096909
50540,0.04472891,0.42214602
50541,0.016364034,0.93318033
50542,0.23376718,0.6034618
50543,0.8160483,0.8539705
50544,0.0155841885,0.039706476
50545,0.7270612,0.47282523
50546,0.06537626,0.4163168
50547,0.08981376,0.36996877
50548,0.91565496,0.9841781
50549,0.88927865,0.16589819
50550,0.017235458,0.32106698
50551,0.023092803,0.95501626
50552,0.9620581,0.9477786
50553,0.0035082044,0.060289375
50554,0.14655918,0.7102133
50555,0.96575433,0.91345716
50556,0.049436294,0.12248123
50557,0.10468921,0.3730291
50558,0.009385228,0.040996347
50559,0.99018455,0.99331796
50560,0.15671551,0.9545941
50561,0.050314214,0.24112898
50562,0.021768684,0.416488
50563,0.083264016,0.13919951
50564,0.32024923,0.8532189
50565,0.021779511,0.97027683
50566,0.054973174,0.1326203
50567,0.7955857,0.55929327
50568,0.014005305,0.7170358
50569,0.005400867,0.011263481
50570,0.09460743,0.55177623
50571,0.0068840967,0.062492862
50572,0.091998555,0.27586526
50573,0.0922131,0.7655696
50574,0.19161004,0.6348556
50575,0.02477891,0.025638292
50576,0.09666802,0.23867054
50577,0.019236652,0.8864712
50578,0.028513532,0.6922773
50579,0.0071421806,0.18838464
50580,0.5046456,0.10882186
50581,0.9312104,0.903379
50582,0.015640551,0.099764
50583,0.023970412,0.18997222
50584,0.11314641,0.20944013
50585,0.03283635,0.101686805
50586,0.16592368,0.6777859
50587,0.007673576,0.09343035
50588,0.73128945,0.5557814
50589,0.31915876,0.9938034
50590,0.6805021,0.91937333
50591,0.0075394693,0.23588435
50592,0.2630611,0.96130556
50593,0.23352021,0.8227874
50594,0.18054521,0.039762992
50595,0.07775078,0.39861026
50596,0.06182745,0.08639271
50597,0.42771262,0.38602024
50598,0.023637088,0.124367855
50599,0.055683218,0.96980786
50600,0.4835695,0.09942535
50601,0.102892995,0.20385648
50602,0.97299314,0.8976788
50603,0.06292745,0.11405508
50604,0.243914,0.48067948
50605,0.35848147,0.57802534
50606,0.04271359,0.06797405
50607,0.23086484,0.120175645
50608,0.058020007,0.040175434
50609,0.05500375,0.4773658
50610,0.043497566,0.14799035
50611,0.050026678,0.19162388
50612,0.0158773,0.13190155
50613,0.124847166,0.89559305
50614,0.16192818,0.53316134
50615,0.028199889,0.03927736
50616,0.018846298,0.042230934
50617,0.90742433,0.8395457
50618,0.0715976,0.22996774
50619,0.034913175,0.83423555
50620,0.022721712,0.82392347
50621,0.163481,0.70035577
50622,0.027648173,0.058356464
50623,0.04709801,0.120436616
50624,0.21448639,0.5504724
50625,0.01901169,0.025477635
50626,0.20242937,0.1424407
50627,0.033223584,0.42746243
50628,0.012799567,0.32876977
50629,0.22763875,0.96024364
50630,0.0630126,0.98403454
50631,0.04042647,0.42855144
50632,0.033646047,0.8103249
50633,0.044982724,0.07835292
50634,0.5183689,0.544983
50635,0.11901157,0.94595814
50636,0.100949265,0.70019907
50637,0.03995469,0.0674732
50638,0.026354691,0.37980917
50639,0.5005125,0.75253874
50640,0.05955984,0.09223727
50641,0.0068093794,0.019606678
50642,0.08864336,0.110497095
50643,0.5714719,0.9650171
50644,0.026593633,0.77968144
50645,0.09935247,0.3418471
50646,0.2613738,0.46234
50647,0.057905547,0.46146908
50648,0.28395075,0.7349241
50649,0.18056667,0.61428237
50650,0.03008619,0.5891484
50651,0.49479315,0.5591044
50652,0.076727085,0.1897944
50653,0.39315873,0.82058
50654,0.039028544,0.4874783
50655,0.9555639,0.948559
50656,0.06755909,0.17337309
50657,0.028483307,0.08690309
50658,0.061039716,0.37076333
50659,0.17137767,0.87681526
50660,0.4795436,0.5288139
50661,0.93346995,0.86505145
50662,0.09364829,0.59931237
50663,0.924591,0.9943504
50664,0.008589614,0.042885292
50665,0.41845798,0.48835048
50666,0.8808808,0.94432193
50667,0.57891047,0.74366474
50668,0.13311106,0.27370197
50669,0.78599745,0.93069404
50670,0.10045989,0.11012701
50671,0.03153038,0.13204332
50672,0.035291083,0.7513722
50673,0.04588443,0.6111584
50674,0.02815263,0.4327208
50675,0.012413423,0.33400252
50676,0.031235367,0.8234532
50677,0.2801955,0.8523991
50678,0.0647142,0.42465833
50679,0.15942462,0.32537466
50680,0.042917334,0.21646501
50681,0.0027909148,0.009024057
50682,0.56597257,0.90194947
50683,0.1148288,0.3926518
50684,0.008749817,0.104874514
50685,0.5251721,0.15758722
50686,0.70599186,0.9040505
50687,0.010975943,0.02612211
50688,0.9960039,0.9936894
50689,0.09406657,0.46467403
50690,0.93173754,0.97294295
50691,0.93483967,0.23261005
50692,0.2863086,0.19398798
50693,0.8570251,0.92116606
50694,0.09790496,0.9815599
50695,0.004989854,0.037694126
50696,0.035248395,0.82586336
50697,0.26374656,0.72618234
50698,0.0727119,0.39405426
50699,0.08887152,0.5406737
50700,0.024415722,0.19957873
50701,0.13289748,0.8027746
50702,0.030433804,0.9619998
50703,0.16522448,0.919786
50704,0.85222167,0.62519455
50705,0.014319608,0.86790276
50706,0.017206632,0.12054083
50707,0.16484322,0.101195544
50708,0.12682292,0.8413259
50709,0.13250986,0.63083506
50710,0.59203863,0.79486895
50711,0.1341977,0.47084528
50712,0.15032898,0.24138284
50713,0.08501214,0.047578275
50714,0.43536696,0.9332825
50715,0.10504635,0.864581
50716,0.8766685,0.98643816
50717,0.38319615,0.45116678
50718,0.82855874,0.71273285
50719,0.1586019,0.336161
50720,0.46911472,0.9125985
50721,0.053018797,0.34512994
50722,0.0025393122,0.03258567
50723,0.09981848,0.3478174
50724,0.4077263,0.16711092
50725,0.008141103,0.16430694
50726,0.0040978114,0.027635716
50727,0.07591243,0.17101136
50728,0.08268342,0.9470028
50729,0.01601512,0.018901374
50730,0.07875263,0.14983639
50731,0.090404086,0.34067494
50732,0.018613853,0.34568456
50733,0.45006844,0.7962851
50734,0.28416207,0.70447046
50735,0.028290948,0.20779416
50736,0.028773952,0.9095964
50737,0.0031857255,0.23893796
50738,0.08299277,0.59395623
50739,0.008269404,0.101202294
50740,0.087344535,0.95837766
50741,0.06273097,0.57627857
50742,0.2234014,0.48281893
50743,0.45013043,0.9599964
50744,0.03010608,0.13713893
50745,0.00337222,0.048701163
50746,0.038544785,0.16687006
50747,0.019113865,0.06467177
50748,0.051860984,0.086274974
50749,0.24326147,0.3197492
50750,0.010820469,0.05511467
50751,0.004651464,0.09996505
50752,0.03495191,0.12811035
50753,0.0338858,0.07118501
50754,0.07792839,0.030437255
50755,0.23555058,0.9447613
50756,0.9562398,0.9857573
50757,0.36075664,0.8681886
50758,0.08391335,0.18796274
50759,0.11588785,0.2599536
50760,0.8155789,0.81319726
50761,0.8943722,0.85488343
50762,0.1031912,0.28882304
50763,0.0006781914,0.00041653734
50764,0.16743329,0.9221617
50765,0.017879643,0.02563488
50766,0.060930647,0.037239507
50767,0.011329365,0.09634229
50768,0.028660567,0.6475318
50769,0.81643796,0.469866
50770,0.01702163,0.058306478
50771,0.062259633,0.89900523
50772,0.18050382,0.059528355
50773,0.5919453,0.9270247
50774,0.19070035,0.19744974
50775,0.064099625,0.12602861
50776,0.9289573,0.96433496
50777,0.5169457,0.9056083
50778,0.15908779,0.13925321
50779,0.2489291,0.3994541
50780,0.2628005,0.42502832
50781,0.11707893,0.17786309
50782,0.71355873,0.9802321
50783,0.019534389,0.0618519
50784,0.08373847,0.23582976
50785,0.76171786,0.9133536
50786,0.03524384,0.24348405
50787,0.014808577,0.9415485
50788,0.011968071,0.08241125
50789,0.9092103,0.62903064
50790,0.13663195,0.3298206
50791,0.142197,0.47233877
50792,0.041712694,0.90858805
50793,0.0554924,0.83959526
50794,0.068190455,0.16035372
50795,0.049211025,0.15287207
50796,0.0061721797,0.01758886
50797,0.07863032,0.37859845
50798,0.13772696,0.94863206
50799,0.02619869,0.6582299
50800,0.13888222,0.15876907
50801,0.02901289,0.6445719
50802,0.002594474,0.05563457
50803,0.031127598,0.028859109
50804,0.59072685,0.10074789
50805,0.1219014,0.20076443
50806,0.051303566,0.1267237
50807,0.07313609,0.63462657
50808,0.08937439,0.86805207
50809,0.29147035,0.98169875
50810,0.036293082,0.8216484
50811,0.7632216,0.8358834
50812,0.0028946425,0.061066724
50813,0.02049538,0.9456756
50814,0.0794235,0.0623172
50815,0.91090393,0.5274766
50816,0.62813056,0.98414177
50817,0.27497318,0.58989334
50818,0.019808788,0.053437475
50819,0.16994773,0.9625338
50820,0.23929918,0.9468077
50821,0.015900645,0.023772502
50822,0.024341976,0.7446679
50823,0.0038676893,0.049708582
50824,0.02977578,0.5324946
50825,0.046754032,0.2701531
50826,0.031787798,0.83399063
50827,0.14859512,0.8443517
50828,0.021211,0.15335009
50829,0.16780023,0.23201638
50830,0.025493227,0.89583886
50831,0.0044425195,0.8747109
50832,0.39375898,0.14514858
50833,0.016113047,0.10427773
50834,0.34393197,0.6228579
50835,0.13831551,0.92007875
50836,0.00070632546,0.10341623
50837,0.006338279,0.06769068
50838,0.19540727,0.15045218
50839,0.024044689,0.03578717
50840,0.068332374,0.18996778
50841,0.53247035,0.67320716
50842,0.006670144,0.04105801
50843,0.0042679305,0.01927349
50844,0.0075406865,0.06148427
50845,0.011047866,0.11995184
50846,0.104955524,0.76283556
50847,0.027783468,0.2287265
50848,0.953905,0.2740794
50849,0.029459408,0.06668519
50850,0.02748474,0.0661243
50851,0.0036879634,0.0033041255
50852,0.6067964,0.1064538
50853,0.0010419814,0.030130008
50854,0.024647087,0.1376193
50855,0.009959459,0.15532836
50856,0.8195996,0.9588126
50857,0.0026038354,0.19858181
50858,0.006477664,0.054489337
50859,0.10043481,0.104075946
50860,0.012068991,0.052743647
50861,0.26688477,0.9073154
50862,0.18247367,0.5400543
50863,0.0034384567,0.5352692
50864,0.056083594,0.039503302
50865,0.35613775,0.4871109
50866,0.49277446,0.4698298
50867,0.530061,0.56204987
50868,0.037998386,0.6934736
50869,0.09269814,0.10806898
50870,0.021748668,0.6432955
50871,0.02404245,0.5807275
50872,0.044825573,0.2221467
50873,0.33455426,0.9545252
50874,0.84967744,0.9385331
50875,0.20169108,0.8579677
50876,0.00048834033,0.2885605
50877,0.91414803,0.93873614
50878,0.19996743,0.79767555
50879,0.0047994903,0.06226642
50880,0.38926753,0.32513618
50881,0.011118819,0.033068538
50882,0.94815403,0.9829565
50883,0.029318053,0.34155026
50884,0.0017803573,0.023881575
50885,0.7159177,0.98921776
50886,0.5079289,0.84754574
50887,0.012381353,0.26296607
50888,0.038375333,0.42498365
50889,0.7532074,0.98433673
50890,0.36594912,0.4676119
50891,0.21438883,0.44362593
50892,0.6894015,0.07684549
50893,0.05060156,0.24084257
50894,0.13604091,0.9736797
50895,0.0016051328,0.19199668
50896,0.027700832,0.26572222
50897,0.10742733,0.053225666
50898,0.3634619,0.9817669
50899,0.0060567185,0.021720892
50900,0.2850928,0.7136139
50901,0.03123788,0.027168348
50902,0.49524578,0.9214098
50903,0.02285036,0.027283348
50904,0.49816018,0.9842525
50905,0.082538076,0.2686397
50906,0.08516965,0.5707126
50907,0.12788127,0.6230531
50908,0.08538851,0.07518824
50909,0.61484706,0.8994834
50910,0.054072194,0.37484652
50911,0.0035350006,0.28050113
50912,0.7504359,0.92780143
50913,0.24046065,0.8867577
50914,0.021416005,0.18357578
50915,0.0089045055,0.072710775
50916,0.07242092,0.3443216
50917,0.0042568804,0.15687951
50918,0.1185964,0.32250774
50919,0.020326935,0.086120844
50920,0.020079104,0.94956183
50921,0.0066318484,0.024729887
50922,0.7534297,0.9882996
50923,0.07947787,0.24396609
50924,0.017766139,0.7235701
50925,0.053185012,0.99170697
50926,0.842321,0.9856103
50927,0.016749768,0.11062673
50928,0.024042837,0.10498318
50929,0.09834107,0.94579077
50930,0.0991949,0.032769922
50931,0.0060140397,0.27661896
50932,0.8786581,0.91460043
50933,0.069401935,0.041396856
50934,0.22010568,0.08561895
50935,0.01703543,0.10685918
50936,0.019592814,0.04821984
50937,0.015320079,0.26149333
50938,0.014435616,0.8878756
50939,0.11094328,0.11109755
50940,0.033541974,0.16491564
50941,0.0053862915,0.36196867
50942,0.12686461,0.1420646
50943,0.39096642,0.713356
50944,0.00920552,0.32730862
50945,0.011558144,0.071444295
50946,0.7354749,0.69336265
50947,0.12999673,0.97621596
50948,0.04091464,0.732651
50949,0.867368,0.92582035
50950,0.2732318,0.0712712
50951,0.0022317786,0.04601817
50952,0.035762545,0.015374513
50953,0.39065632,0.6332462
50954,0.086666375,0.9349076
50955,0.032399245,0.052249875
50956,0.004670517,0.04439094
50957,0.8552262,0.9501757
50958,0.7666285,0.6948724
50959,0.08686547,0.08054258
50960,0.30338472,0.07637031
50961,0.035587847,0.032162692
50962,0.47375408,0.8680618
50963,0.3804661,0.97492903
50964,0.0028107304,0.5887164
50965,0.04503103,0.37619182
50966,0.072271466,0.09318795
50967,0.5585434,0.8495089
50968,0.07101911,0.9757264
50969,0.007992308,0.08756569
50970,0.57237774,0.86739326
50971,0.030251125,0.72623295
50972,0.15736388,0.81283873
50973,0.11524656,0.2349643
50974,0.90431094,0.9127615
50975,0.06818516,0.3932392
50976,0.0150785465,0.9777615
50977,0.03838864,0.8036273
50978,0.07005036,0.7838707
50979,0.7051271,0.944354
50980,0.14540243,0.43304116
50981,0.14943984,0.97517085
50982,0.03140634,0.17375787
50983,0.012094026,0.94308615
50984,0.16653433,0.9449129
50985,0.02225057,0.119663134
50986,0.7456521,0.77839255
50987,0.038150117,0.7387059
50988,0.03815694,0.8081602
50989,0.016844986,0.15260145
50990,0.35520962,0.73712665
50991,0.044783138,0.2106446
50992,0.019068707,0.36074567
50993,0.013288897,0.4218548
50994,0.01316926,0.2008951
50995,0.058117982,0.06755646
50996,0.019141084,0.12126458
50997,0.25252023,0.17608039
50998,0.64495206,0.7509985
50999,0.81736016,0.7609986
51000,0.025446566,0.08398612
51001,0.06050834,0.4964631
51002,0.02364608,0.71928275
51003,0.51371783,0.62134236
51004,0.039927334,0.68804806
51005,0.0052012345,0.14607787
51006,0.0029054764,0.018999955
51007,0.31958544,0.55596083
51008,0.043973994,0.1368253
51009,0.3473993,0.8399149
51010,0.08268976,0.21566771
51011,0.5285342,0.9203944
51012,0.032743935,0.60517645
51013,0.9688673,0.9258527
51014,0.04872853,0.47559497
51015,0.92956215,0.94381297
51016,0.026532792,0.424935
51017,0.011307643,0.8997516
51018,0.33118975,0.9664323
51019,0.33575723,0.14229989
51020,0.21603808,0.71587676
51021,0.11404331,0.6782956
51022,0.0057937717,0.05200957
51023,0.51428837,0.91109735
51024,0.10862915,0.20992236
51025,0.05597506,0.033565868
51026,0.07920638,0.0066209943
51027,0.3872779,0.96669286
51028,0.047753237,0.04463032
51029,0.09984779,0.15612686
51030,0.088767014,0.70361733
51031,0.039860953,0.09121109
51032,0.2515979,0.5278418
51033,0.16432752,0.7120141
51034,0.019873826,0.07783244
51035,0.2251153,0.29910928
51036,0.29358083,0.9080136
51037,0.5200432,0.372501
51038,0.020210529,0.7879064
51039,0.008458726,0.461146
51040,0.036449417,0.0957798
51041,0.055107668,0.7197776
51042,0.023649355,0.15977857
51043,0.063745625,0.34518495
51044,0.03022652,0.2275356
51045,0.26805842,0.19239783
51046,0.078934535,0.31151143
51047,0.56306285,0.9781845
51048,0.33476552,0.85558337
51049,0.056678694,0.1345627
51050,0.025940744,0.28293577
51051,0.0020864755,0.0837739
51052,0.9777454,0.9775929
51053,0.033438683,0.31552023
51054,0.2497733,0.21959776
51055,0.90900785,0.98600477
51056,0.18661195,0.46117413
51057,0.08934921,0.90287226
51058,0.9279752,0.9801375
51059,0.51110923,0.64337546
51060,0.16755708,0.58311653
51061,0.1728849,0.09525139
51062,0.006908247,0.018343264
51063,0.099159546,0.34945038
51064,0.83149016,0.6380435
51065,0.22016947,0.3058668
51066,0.6102614,0.9232198
51067,0.063519426,0.54693514
51068,0.0067145084,0.3378256
51069,0.0041340976,0.05601591
51070,0.50104696,0.5135416
51071,0.90946376,0.97764117
51072,0.024313953,0.029714845
51073,0.03491045,0.056761336
51074,0.09564029,0.5955988
51075,0.0134038925,0.03360618
51076,0.028341914,0.034189906
51077,0.038229786,0.8816517
51078,0.010227738,0.10409247
51079,0.010399433,0.22667144
51080,0.652524,0.13115175
51081,0.5512696,0.79186404
51082,0.020806404,0.15359582
51083,0.10713413,0.9749674
51084,0.13243052,0.10054605
51085,0.004160967,0.075294346
51086,0.55968887,0.27800047
51087,0.14529888,0.7175179
51088,0.08599238,0.30196843
51089,0.11523289,0.3315807
51090,0.0004257334,0.09866008
51091,0.76897866,0.8413787
51092,0.031036997,0.3663066
51093,0.9470497,0.9490691
51094,0.051728614,0.10465378
51095,0.14933598,0.30831063
51096,0.16172993,0.275986
51097,0.30270663,0.97340345
51098,0.2340035,0.88124424
51099,0.007037626,0.25431588
51100,0.029268013,0.04485139
51101,0.03520434,0.9087735
51102,0.072461784,0.1479907
51103,0.7786503,0.85163003
51104,0.59150016,0.823638
51105,0.038899288,0.36814484
51106,0.2342829,0.6039798
51107,0.087945335,0.13014643
51108,0.011644875,0.8150336
51109,0.7723706,0.73391527
51110,0.18917158,0.94082856
51111,0.4049225,0.96169114
51112,0.9387732,0.9877604
51113,0.56179774,0.7801651
51114,0.21859829,0.5609928
51115,0.39716756,0.80034155
51116,0.049332492,0.7979203
51117,0.24599954,0.93199736
51118,0.0054299966,0.037009552
51119,0.926949,0.952405
51120,0.054993786,0.24458192
51121,0.03395908,0.54808927
51122,0.20842662,0.7974695
51123,0.18938656,0.56057096
51124,0.12085274,0.95647925
51125,0.5125584,0.45226794
51126,0.030471453,0.20770182
51127,0.06093132,0.10324674
51128,0.045964014,0.023733746
51129,0.029603684,0.14728624
51130,0.02710056,0.26188582
51131,0.9075627,0.939346
51132,0.024467023,0.13728628
51133,0.03093127,0.77498645
51134,0.08308419,0.31652483
51135,0.019495754,0.051541425
51136,0.0626568,0.93124735
51137,0.1262925,0.55830026
51138,0.9129394,0.96774286
51139,0.36000705,0.3270505
51140,0.07703619,0.13527238
51141,0.045769785,0.75649405
51142,0.794994,0.21970502
51143,0.110478535,0.22383691
51144,0.015201708,0.10381775
51145,0.025241703,0.08066344
51146,0.26821414,0.8193409
51147,0.022769993,0.435134
51148,0.045704447,0.9285121
51149,0.020298943,0.18952979
51150,0.42491147,0.80661714
51151,0.005424424,0.43447506
51152,0.025548358,0.37251228
51153,0.011182016,0.03389202
51154,0.010428908,0.05588916
51155,0.015163969,0.067148566
51156,0.34275547,0.86697024
51157,0.1747252,0.20031098
51158,0.13278574,0.52859324
51159,0.12078351,0.15860693
51160,0.82291406,0.7549806
51161,0.89952534,0.9328914
51162,0.04292353,0.10073372
51163,0.009166491,0.33826035
51164,0.2056587,0.58421314
51165,0.12170006,0.19843638
51166,0.04562217,0.44780934
51167,0.14008975,0.62454325
51168,0.031613898,0.4232005
51169,0.22176,0.64027226
51170,0.0430237,0.17536552
51171,0.014597339,0.6688984
51172,0.06456702,0.31784898
51173,0.2497592,0.5115412
51174,0.022071468,0.24269795
51175,0.06989511,0.6654444
51176,0.018006448,0.14075139
51177,0.75264597,0.80193853
51178,0.51295274,0.25245157
51179,0.082088,0.26757112
51180,0.017296804,0.12424512
51181,0.52497077,0.4810642
51182,0.11676255,0.18216947
51183,0.040947717,0.08439683
51184,0.07750397,0.032843824
51185,0.15053517,0.123042986
51186,0.049700562,0.08128345
51187,0.035118323,0.5839171
51188,0.15188502,0.061956555
51189,0.94544697,0.8501973
51190,0.01934529,0.1005931
51191,0.10702208,0.9924582
51192,0.2985895,0.9044686
51193,0.32379165,0.26113483
51194,0.02584167,0.18144612
51195,0.53046864,0.14649563
51196,0.09433705,0.63443583
51197,0.056294605,0.68541354
51198,0.028749287,0.10898614
51199,0.062132042,0.25534585
51200,0.0009489363,0.0028856392
51201,0.19858953,0.98734146
51202,0.14281592,0.06035766
51203,0.12978002,0.52431846
51204,0.05239113,0.13731405
51205,0.14212847,0.3190694
51206,0.5493114,0.09054141
51207,0.48732406,0.88635284
51208,0.7182324,0.3533528
51209,0.0006500636,0.081811585
51210,0.14867543,0.7149285
51211,0.4762324,0.10868529
51212,0.037530866,0.0933761
51213,0.0064818794,0.061250933
51214,0.0100633735,0.023513952
51215,0.022091037,0.06165609
51216,0.8778101,0.91829747
51217,0.17433137,0.572049
51218,0.2755554,0.6202627
51219,0.013204971,0.708044
51220,0.37987873,0.83471495
51221,0.004745085,0.22823545
51222,0.034345116,0.0774239
51223,0.011862323,0.86682975
51224,0.009706506,0.17396404
51225,0.09824381,0.06348877
51226,0.89691776,0.9306889
51227,0.24779922,0.7028501
51228,0.1311753,0.09519383
51229,0.2352482,0.627016
51230,0.20897546,0.17373706
51231,0.011765783,0.093202606
51232,0.1354143,0.061147347
51233,0.014828855,0.032941524
51234,0.006776346,0.036372136
51235,0.35471174,0.623445
51236,0.008059387,0.07297923
51237,0.026971158,0.22814128
51238,0.07534426,0.42047468
51239,0.14502881,0.18918511
51240,0.45164478,0.6461743
51241,0.021819416,0.061190747
51242,0.023199452,0.035262298
51243,0.13316512,0.5870411
51244,0.008055153,0.25565913
51245,0.023286348,0.046722453
51246,0.0062671937,0.9475785
51247,0.017241856,0.066359036
51248,0.044194497,0.023695268
51249,0.91100746,0.71282166
51250,0.39615905,0.15196672
51251,0.10899524,0.13341124
51252,0.030917222,0.16930817
51253,0.019018508,0.029154604
51254,0.08925775,0.06289104
51255,0.014732836,0.101350114
51256,0.14424078,0.110196
51257,0.8559562,0.9895068
51258,0.017969491,0.4941192
51259,0.09517712,0.16510001
51260,0.045401007,0.7395928
51261,0.20978758,0.4758143
51262,0.08405858,0.33811387
51263,0.0071087093,0.045116596
51264,0.042539068,0.07169296
51265,0.034448713,0.24663393
51266,0.08750858,0.115398094
51267,0.3968862,0.82926863
51268,0.0112802,0.96691304
51269,0.05548262,0.597229
51270,0.06511416,0.45961258
51271,0.22081368,0.08948486
51272,0.013341275,0.08552851
51273,0.19139734,0.61008847
51274,0.05992748,0.040245567
51275,0.03758604,0.28892532
51276,0.32576627,0.53982574
51277,0.047716282,0.12814617
51278,0.011848391,0.15090933
51279,0.09467667,0.36228427
51280,0.037379302,0.5009403
51281,0.6545572,0.6818306
51282,0.88362443,0.89705086
51283,0.01999971,0.37847024
51284,0.8686224,0.95448947
51285,0.010401102,0.3798869
51286,0.0035671263,0.07024618
51287,0.03714724,0.050858546
51288,0.3674906,0.74061406
51289,0.20032087,0.79670477
51290,0.050544083,0.0665734
51291,0.8793501,0.9389232
51292,0.193002,0.23653711
51293,0.053473506,0.8871617
51294,0.0010157853,0.007964237
51295,0.06688721,0.83294356
51296,0.020553619,0.9194465
51297,0.4357716,0.7778968
51298,0.14007975,0.6818117
51299,0.034116246,0.9874213
51300,0.6054465,0.8273323
51301,0.060742393,0.12650475
51302,0.15980013,0.9047035
51303,0.3311835,0.6009229
51304,0.04783011,0.91561764
51305,0.28417072,0.53159606
51306,0.88805807,0.88694406
51307,0.6216875,0.39061475
51308,0.40417287,0.3139566
51309,0.010041029,0.058905303
51310,0.03742009,0.81957585
51311,0.015243403,0.9428202
51312,0.37443137,0.8268137
51313,0.019976642,0.05784107
51314,0.020969575,0.8573851
51315,0.5043663,0.4232267
51316,0.05394525,0.8487147
51317,0.7883295,0.67448854
51318,0.042222243,0.12649149
51319,0.14461419,0.9603591
51320,0.08567087,0.15077929
51321,0.2642677,0.081961684
51322,0.024907233,0.10967462
51323,0.86244357,0.5544159
51324,0.010137056,0.09994493
51325,0.5191721,0.77016807
51326,0.026741259,0.1104813
51327,0.22935937,0.0919274
51328,0.014800244,0.2208735
51329,0.15656845,0.18689708
51330,0.33812973,0.11576383
51331,0.007871872,0.21184012
51332,0.9439313,0.98509306
51333,0.08337982,0.97861767
51334,0.022109143,0.4419711
51335,0.011809291,0.28847477
51336,0.4021198,0.7150491
51337,0.676324,0.8572592
51338,0.034527317,0.070714094
51339,0.110612504,0.87609065
51340,0.95262605,0.9086844
51341,0.04292741,0.45260772
51342,0.14242749,0.16944896
51343,0.84797484,0.9499653
51344,0.036964007,0.076710105
51345,0.056997832,0.51562667
51346,0.3302448,0.49871776
51347,0.6382139,0.91792095
51348,0.016553659,0.6519005
51349,0.12446465,0.11344694
51350,0.038738567,0.1030145
51351,0.03512594,0.07377596
51352,0.059161518,0.09660945
51353,0.14909074,0.2076534
51354,0.48668537,0.35225752
51355,0.026007745,0.07941963
51356,0.34904912,0.44325674
51357,0.12722398,0.19565615
51358,0.013247283,0.41657677
51359,0.059463836,0.06747406
51360,0.0049051195,0.05611219
51361,0.1137131,0.37017325
51362,0.13439457,0.12255071
51363,0.25030634,0.2344401
51364,0.0060760705,0.032020282
51365,0.057025675,0.4282489
51366,0.12728971,0.10239822
51367,0.21411216,0.30583942
51368,0.08749304,0.87337184
51369,0.021421421,0.038022086
51370,0.003824647,0.007872832
51371,0.8895504,0.8091866
51372,0.013735523,0.012258058
51373,0.06656061,0.8150835
51374,0.7095865,0.7130904
51375,0.35975477,0.78276706
51376,0.048850533,0.9253775
51377,0.1919114,0.042913247
51378,0.59844834,0.25677016
51379,0.071097836,0.37083656
51380,0.34289953,0.8831058
51381,0.18374228,0.9549401
51382,0.049799424,0.562987
51383,0.07290084,0.41380423
51384,0.044802617,0.07738672
51385,0.0684405,0.34096035
51386,0.034890294,0.1876505
51387,0.0097211925,0.6631582
51388,0.33284625,0.8747753
51389,0.009036307,0.45324457
51390,0.43612275,0.9827351
51391,0.061518013,0.3830793
51392,0.10336137,0.10400224
51393,0.016805207,0.55504745
51394,0.03727998,0.35487854
51395,0.15034385,0.1068317
51396,0.012725368,0.13937409
51397,0.10929647,0.19850771
51398,0.014025185,0.2117231
51399,0.30293348,0.9032659
51400,0.2788101,0.7815358
51401,0.052524712,0.5880477
51402,0.1173275,0.14192553
51403,0.042460967,0.82394373
51404,0.035064816,0.1914217
51405,0.0062608626,0.63118
51406,0.30859777,0.379954
51407,0.29698712,0.49000537
51408,0.925721,0.9873978
51409,0.00475953,0.020846091
51410,0.30727544,0.8727208
51411,0.05607807,0.056337252
51412,0.033427127,0.47587746
51413,0.036105078,0.2298474
51414,0.04593924,0.19239973
51415,0.011315689,0.02360237
51416,0.20317931,0.40528738
51417,0.10373672,0.0032724754
51418,0.09230813,0.07527881
51419,0.09357197,0.34119016
51420,0.014804967,0.18530957
51421,0.06998584,0.2221805
51422,0.31631133,0.03147623
51423,0.007950241,0.025223553
51424,0.30935624,0.23834038
51425,0.07421317,0.050472837
51426,0.018137522,0.025900597
51427,0.011197987,0.35147512
51428,0.0119929,0.22979943
51429,0.3501517,0.41215065
51430,0.018921357,0.77369994
51431,0.033918153,0.1293134
51432,0.045061644,0.23633765
51433,0.0039244206,0.52374387
51434,0.35071853,0.9089734
51435,0.03405945,0.28480318
51436,0.022773711,0.82741445
51437,0.7314951,0.81245023
51438,0.35951522,0.8092242
51439,0.17147572,0.74313766
51440,0.104421325,0.9578413
51441,0.87551916,0.9559042
51442,0.0036726154,0.4401721
51443,0.039067782,0.33768427
51444,0.0006148357,0.009060653
51445,0.018742671,0.1320288
51446,0.039374568,0.96149254
51447,0.00914586,0.12418196
51448,0.1351942,0.024348205
51449,0.10039086,0.2656751
51450,0.021820152,0.7613623
51451,0.43043137,0.9163546
51452,0.19872922,0.55969304
51453,0.022739492,0.15912877
51454,0.28861603,0.1857968
51455,0.30091822,0.16311944
51456,0.124258235,0.80655396
51457,0.02648726,0.89869213
51458,0.026217954,0.93440896
51459,0.18160725,0.8681803
51460,0.41078353,0.643934
51461,0.5507143,0.34285468
51462,0.25386328,0.77840704
51463,0.9087105,0.9164924
51464,0.41783145,0.92876834
51465,0.086622275,0.2678671
51466,0.018033199,0.020374896
51467,0.88315344,0.97093964
51468,0.4642271,0.40872142
51469,0.0061097606,0.20069028
51470,0.5484716,0.9642068
51471,0.002293687,0.7371725
51472,0.00065834913,0.016943753
51473,0.9387105,0.98043984
51474,0.3910946,0.6620516
51475,0.049502954,0.38743627
51476,0.010318725,0.08258058
51477,0.23333524,0.9246411
51478,0.09072919,0.59743834
51479,0.4069153,0.70165426
51480,0.83530676,0.88176614
51481,0.112122126,0.17385718
51482,0.008996114,0.100618966
51483,0.01269258,0.67495805
51484,0.15071584,0.12484516
51485,0.06387646,0.13128337
51486,0.26329744,0.19554563
51487,0.07161935,0.18330005
51488,0.0033001064,0.095146775
51489,0.024898866,0.083929695
51490,0.04049343,0.10704623
51491,0.0218157,0.2162568
51492,0.9634769,0.9338377
51493,0.022795817,0.1635187
51494,0.117768355,0.9342442
51495,0.049814884,0.2502249
51496,0.19612966,0.08089282
51497,0.4907917,0.7734915
51498,0.13801867,0.9196879
51499,0.011378149,0.050055787
51500,0.10254194,0.39702597
51501,0.091716655,0.26448625
51502,0.10234787,0.16149095
51503,0.04197243,0.6003698
51504,0.004135211,0.2065261
51505,0.014485815,0.2681911
51506,0.026475174,0.8475061
51507,0.022425123,0.0085047865
51508,0.012404202,0.08506705
51509,0.0066363737,0.06323062
51510,0.061110772,0.38276607
51511,0.022150068,0.023336528
51512,0.045897804,0.97315365
51513,0.3128884,0.36781886
51514,0.018454542,0.6878614
51515,0.17287979,0.86714554
51516,0.050249238,0.396341
51517,0.022221655,0.99329764
51518,0.69267124,0.9202635
51519,0.060023233,0.27006266
51520,0.28336743,0.5649228
51521,0.23113163,0.3494467
51522,0.87800694,0.993971
51523,0.49219805,0.92772496
51524,0.014810956,0.027451608
51525,0.1899312,0.6515428
51526,0.24423078,0.70411086
51527,0.3573091,0.31388903
51528,0.34365514,0.20396197
51529,0.0060420698,0.13049746
51530,0.012879355,0.3958713
51531,0.015988195,0.9661243
51532,0.8930692,0.825231
51533,0.0074427663,0.3300519
51534,0.2551397,0.489225
51535,0.5521303,0.77778536
51536,0.7982114,0.7499239
51537,0.10312459,0.97566426
51538,0.020716213,0.7999894
51539,0.008287721,0.8041913
51540,0.010774566,0.32674524
51541,0.07723034,0.41599318
51542,0.02615996,0.23583937
51543,0.050354116,0.02606322
51544,0.012938352,0.95099443
51545,0.048134465,0.9656913
51546,0.01382494,0.13186142
51547,0.8772045,0.93312323
51548,0.009574178,0.89773774
51549,0.11890806,0.046460543
51550,0.13611263,0.69375366
51551,0.2957347,0.23306501
51552,0.002965137,0.044770397
51553,0.02834234,0.14910294
51554,0.13671915,0.044286508
51555,0.043717068,0.0564007
51556,0.9858614,0.97594243
51557,0.0020748274,0.022657724
51558,0.05644274,0.86710924
51559,0.03280797,0.51320416
51560,0.0050958036,0.22968234
51561,0.029091768,0.68411654
51562,0.024663627,0.08660421
51563,0.9020257,0.909708
51564,0.015035601,0.049282186
51565,0.007179736,0.78056103
51566,0.013443754,0.06388802
51567,0.0126813995,0.21196319
51568,0.52497834,0.802853
51569,0.01862079,0.032001667
51570,0.9437498,0.989939
51571,0.044290062,0.7092995
51572,0.05913286,0.22331852
51573,0.05871308,0.78854614
51574,0.010148713,0.102426775
51575,0.028316837,0.9220416
51576,0.1517274,0.9110938
51577,0.013485583,0.035615895
51578,0.78883404,0.69564617
51579,0.8539207,0.861775
51580,0.0200789,0.969257
51581,0.0074838772,0.03852399
51582,0.0118372245,0.90813607
51583,0.023508964,0.8101913
51584,0.357795,0.56567574
51585,0.107921116,0.6187371
51586,0.9349348,0.83768487
51587,0.071699046,0.28309068
51588,0.1445501,0.16785355
51589,0.41758516,0.9937546
51590,0.07337424,0.9493364
51591,0.019333271,0.275764
51592,0.015608524,0.3829126
51593,0.11023669,0.28828987
51594,0.011628926,0.48015812
51595,0.06831793,0.10234071
51596,0.026986033,0.5097451
51597,0.41575113,0.54998755
51598,0.012044102,0.032420866
51599,0.74943227,0.9685694
51600,0.05930609,0.50993437
51601,0.04760284,0.07212256
51602,0.007159144,0.038750324
51603,0.23559517,0.93108845
51604,0.800741,0.83992463
51605,0.09432999,0.07379573
51606,0.105534814,0.13676964
51607,0.9065692,0.94352233
51608,0.07862286,0.34883028
51609,0.029622793,0.780633
51610,0.023351721,0.3193479
51611,0.47457412,0.86183506
51612,0.83892924,0.9410826
51613,0.88584626,0.9262021
51614,0.00093733205,0.037984964
51615,0.337411,0.80570763
51616,0.030041875,0.8740017
51617,0.2506714,0.52581215
51618,0.024964303,0.09911651
51619,0.15159349,0.97273815
51620,0.13277632,0.33637455
51621,0.0027268494,0.026501028
51622,0.7496669,0.88997906
51623,0.09529303,0.4210266
51624,0.15664877,0.93343514
51625,0.356351,0.75166076
51626,0.17877796,0.9697346
51627,0.9513396,0.9907418
51628,0.08727116,0.0748317
51629,0.05465361,0.8750253
51630,0.057840593,0.10529129
51631,0.29230264,0.72976846
51632,0.26947197,0.13849857
51633,0.2373181,0.702185
51634,0.0006007405,0.0016434485
51635,0.0020256755,0.2671084
51636,0.1309842,0.74366343
51637,0.013403483,0.54546535
51638,0.022607917,0.39310783
51639,0.11503977,0.3199236
51640,0.68033504,0.8625167
51641,0.7090318,0.9504487
51642,0.19416028,0.389192
51643,0.13031109,0.27421302
51644,0.33987978,0.6649427
51645,0.7369685,0.42248914
51646,0.013384698,0.2832112
51647,0.0076432046,0.030816253
51648,0.7736352,0.6441854
51649,0.051313963,0.19564112
51650,0.17711502,0.9653683
51651,0.21908095,0.60163367
51652,0.09012253,0.88777
51653,0.026276411,0.19285028
51654,0.34092313,0.34495816
51655,0.41851562,0.80822957
51656,0.08554393,0.42815116
51657,0.081479795,0.3747939
51658,0.0019382862,0.003719335
51659,0.13052133,0.0698116
51660,0.0049677766,0.017647257
51661,0.02128894,0.67318654
51662,0.036874954,0.95117974
51663,0.09993772,0.8493936
51664,0.051914457,0.8625985
51665,0.019433763,0.6738635
51666,0.18854731,0.21982709
51667,0.86255944,0.9191757
51668,0.8644579,0.58746904
51669,0.034705188,0.18386458
51670,0.30899563,0.89269155
51671,0.31906137,0.40298143
51672,0.20026916,0.61671245
51673,0.030580115,0.059523623
51674,0.028097084,0.29455426
51675,0.034271523,0.62028795
51676,0.91704255,0.88656753
51677,0.010448025,0.30413684
51678,0.6954999,0.8975558
51679,0.26777804,0.36509234
51680,0.06101922,0.19177231
51681,0.02829677,0.89952725
51682,0.021147888,0.022393283
51683,0.06549489,0.4326328
51684,0.6107055,0.7689406
51685,0.008546556,0.6093249
51686,0.025643606,0.921459
51687,0.037861876,0.07775369
51688,0.05945195,0.8645018
51689,0.23189723,0.48583472
51690,0.060011435,0.80172235
51691,0.004251885,0.045919184
51692,0.05350717,0.02926287
51693,0.0135159595,0.096223794
51694,0.025335027,0.04444929
51695,0.019930083,0.41587466
51696,0.0064481026,0.006930022
51697,0.0033680447,0.05601157
51698,0.28278247,0.8800065
51699,0.01464682,0.046364196
51700,0.5914857,0.9570262
51701,0.7950701,0.8857956
51702,0.018180557,0.016235832
51703,0.8603641,0.99204963
51704,0.0501109,0.91508937
51705,0.03610084,0.07109519
51706,0.011038253,0.13630533
51707,0.009354918,0.011508318
51708,0.08175038,0.9662547
51709,0.021441443,0.37923855
51710,0.17039013,0.27470613
51711,0.4126579,0.18673022
51712,0.24314952,0.95644206
51713,0.011617554,0.06788527
51714,0.11525264,0.34294683
51715,0.03795658,0.5833194
51716,0.04547681,0.80930656
51717,0.05811027,0.96411675
51718,0.0104193315,0.026210105
51719,0.008381718,0.024101896
51720,0.24899837,0.11847093
51721,0.5273438,0.7671803
51722,0.95213115,0.9903476
51723,0.43803364,0.6250208
51724,0.12633224,0.5290347
51725,0.04772565,0.24796605
51726,0.6184091,0.6271619
51727,0.6518671,0.9243245
51728,0.09272428,0.15804382
51729,0.5970771,0.5532237
51730,0.3702643,0.8606369
51731,0.060494084,0.16130611
51732,0.049697265,0.22751263
51733,0.73881865,0.8523603
51734,0.29686454,0.48582354
51735,0.06510399,0.46353385
51736,0.7486621,0.66699934
51737,0.03215278,0.7686887
51738,0.0155262705,0.028177662
51739,0.94069415,0.89919025
51740,0.0014605375,0.0144132115
51741,0.004074845,0.024657413
51742,0.39122543,0.6333844
51743,0.10747694,0.3758006
51744,0.031116836,0.60699165
51745,0.90695536,0.84392756
51746,0.01769738,0.1769068
51747,0.052808356,0.16690369
51748,0.13689968,0.21733317
51749,0.044631254,0.2204146
51750,0.16119199,0.2225435
51751,0.009764612,0.11163505
51752,0.17131814,0.5150052
51753,0.12636933,0.97108734
51754,0.24656591,0.4784467
51755,0.004664782,0.004784595
51756,0.21482785,0.73873085
51757,0.44267827,0.4339786
51758,0.57170093,0.7297448
51759,0.04488391,0.39614943
51760,0.08215397,0.923591
51761,0.03123382,0.65706897
51762,0.3011939,0.91386837
51763,0.06531227,0.43788812
51764,0.044320855,0.16411483
51765,0.78292596,0.84692925
51766,0.025958972,0.024724001
51767,0.024777837,0.9416705
51768,0.07438253,0.1432136
51769,0.863093,0.7160385
51770,0.90025014,0.89201707
51771,0.0633826,0.1753368
51772,0.99409217,0.986265
51773,0.16711989,0.91418785
51774,0.17935148,0.97345394
51775,0.15979372,0.27545452
51776,0.016426291,0.08930491
51777,0.06461602,0.31697923
51778,0.4396619,0.8939221
51779,0.095746726,0.24409518
51780,0.07261195,0.24622506
51781,0.002667681,0.19247334
51782,0.14401145,0.70377326
51783,0.0011092484,0.013710321
51784,0.022788918,0.5321008
51785,0.0064040394,0.13367824
51786,0.044668883,0.07031867
51787,0.012579055,0.873253
51788,0.035121635,0.063233584
51789,0.28266385,0.5887359
51790,0.051069275,0.5430187
51791,0.054349337,0.73274255
51792,0.09598483,0.87392604
51793,0.044617135,0.020355076
51794,0.48835337,0.9476272
51795,0.018837113,0.8966222
51796,0.29268584,0.6635463
51797,0.0022191901,0.35898414
51798,0.2000775,0.57477146
51799,0.0031879037,0.33787537
51800,0.20758513,0.33364683
51801,0.07374436,0.15952739
51802,0.0064412085,0.8696829
51803,0.87358856,0.96056706
51804,0.44174433,0.8543959
51805,0.015649054,0.08599667
51806,0.008836127,0.34239748
51807,0.02243633,0.55096465
51808,0.04660501,0.6975214
51809,0.25504848,0.8877279
51810,0.031186413,0.08821691
51811,0.53976345,0.6668109
51812,0.03966922,0.2210442
51813,0.11810392,0.21345764
51814,0.043286398,0.5203924
51815,0.37653837,0.50821275
51816,0.12182117,0.16905922
51817,0.3685162,0.14091544
51818,0.047137357,0.060758393
51819,0.05247496,0.11949021
51820,0.015725702,0.49006036
51821,0.032794967,0.10252416
51822,0.15956013,0.0311237
51823,0.0038352024,0.019503262
51824,0.06764921,0.42629218
51825,0.106255166,0.96696913
51826,0.017463475,0.058502898
51827,0.11795385,0.0775767
51828,0.010335198,0.053947903
51829,0.009705886,0.63161975
51830,0.2534716,0.5996464
51831,0.14068744,0.2559273
51832,0.019353379,0.27591145
51833,0.15898293,0.23734254
51834,0.35323226,0.6562868
51835,0.010277382,0.42170656
51836,0.22238147,0.47683126
51837,0.17746718,0.22431338
51838,0.16461833,0.19754605
51839,0.71703297,0.024712604
51840,0.72654784,0.35767838
51841,0.2293122,0.96048576
51842,0.057140056,0.15566279
51843,0.68522394,0.7866676
51844,0.012598698,0.16264616
51845,0.011884868,0.1287493
51846,0.025969934,0.024444947
51847,0.013939262,0.02836531
51848,0.019088684,0.8775263
51849,0.02359385,0.07196543
51850,0.40269482,0.786036
51851,0.016229847,0.13079366
51852,0.28460532,0.7600382
51853,0.047765132,0.20694757
51854,0.25139272,0.7291893
51855,0.09297733,0.89224166
51856,0.028142931,0.6203701
51857,0.019263871,0.09065597
51858,0.8220862,0.9564381
51859,0.078342676,0.38153988
51860,0.017012695,0.7593487
51861,0.8702406,0.9587867
51862,0.013144242,0.1481335
51863,0.030392975,0.20786619
51864,0.1290743,0.9634716
51865,0.06270119,0.82850516
51866,0.6540726,0.76467645
51867,0.058632284,0.69644934
51868,0.112004064,0.024757857
51869,0.024812222,0.14150126
51870,0.044713743,0.73927987
51871,0.08620781,0.065972045
51872,0.67909163,0.68429744
51873,0.17677943,0.55012494
51874,0.03950837,0.59659135
51875,0.07291165,0.3709492
51876,0.041554566,0.8308686
51877,0.6458205,0.9287151
51878,0.83888924,0.6426285
51879,0.04218299,0.24280646
51880,0.04356657,0.7346754
51881,0.0024953922,0.014285485
51882,0.03251398,0.7019821
51883,0.23892371,0.16208914
51884,0.19102906,0.4382576
51885,0.050870094,0.04730417
51886,0.14765185,0.5321628
51887,0.025799079,0.14340068
51888,0.004712819,0.036167208
51889,0.06767917,0.32173204
51890,0.0012692986,0.15527998
51891,0.31637323,0.9387553
51892,0.047895312,0.43239596
51893,0.95915353,0.7381847
51894,0.003006642,0.7236352
51895,0.007377696,0.07225652
51896,0.006022571,0.024910765
51897,0.023539416,0.9491743
51898,0.97120976,0.95706254
51899,0.29667145,0.86659354
51900,0.11209542,0.23577021
51901,0.7643481,0.83263206
51902,0.16300166,0.072487295
51903,0.2626317,0.779245
51904,0.01284917,0.11032198
51905,0.44734365,0.8262271
51906,0.14610106,0.73665106
51907,0.089455985,0.3935752
51908,0.015757103,0.11549972
51909,0.8357651,0.7589347
51910,0.039920527,0.15858953
51911,0.058387198,0.7569789
51912,0.60777086,0.61243796
51913,0.16065297,0.9235505
51914,0.017401328,0.22287695
51915,0.12750164,0.10506204
51916,0.8737615,0.84425557
51917,0.01572889,0.15978593
51918,0.3827857,0.9383671
51919,0.19983968,0.23345947
51920,0.0012428275,0.33125126
51921,0.034566734,0.34670812
51922,0.00996491,0.035799325
51923,0.14019014,0.87027395
51924,0.010950453,0.3861244
51925,0.04823047,0.87396383
51926,0.0044295597,0.09747122
51927,0.01403145,0.033589646
51928,0.0258937,0.6466882
51929,0.0009259701,0.14156897
51930,0.16706023,0.56626105
51931,0.056481995,0.05889332
51932,0.11397219,0.80375016
51933,0.66220933,0.76813316
51934,0.89216137,0.87694263
51935,0.08815362,0.12165214
51936,0.5210374,0.84896225
51937,0.6245989,0.97204655
51938,0.026048042,0.47422126
51939,0.06040226,0.2969613
51940,0.7136034,0.9371868
51941,0.03469959,0.8807879
51942,0.0041570705,0.06188883
51943,0.8062883,0.90570253
51944,0.007464327,0.028369877
51945,0.3930768,0.36037347
51946,0.01378991,0.13316193
51947,0.029783716,0.82920194
51948,0.02290652,0.041019376
51949,0.038764216,0.8437019
51950,0.006732319,0.06521322
51951,0.0067877,0.31866878
51952,0.010510468,0.024012316
51953,0.11758715,0.22366543
51954,0.47409117,0.82906836
51955,0.12171837,0.2814606
51956,0.14280665,0.10728467
51957,0.025965672,0.9533159
51958,0.010836548,0.1742405
51959,0.9125057,0.2612035
51960,0.031826667,0.34855714
51961,0.014867434,0.088549204
51962,0.02560226,0.03152816
51963,0.016989203,0.23593417
51964,0.019713866,0.9111615
51965,0.013999459,0.5284226
51966,0.019995797,0.02527171
51967,0.017058104,0.061233032
51968,0.8438975,0.86059284
51969,0.03140999,0.8680205
51970,0.8741434,0.8886175
51971,0.04125515,0.10589453
51972,0.05896008,0.49376085
51973,0.037171002,0.36150676
51974,0.93718314,0.9709654
51975,0.0060266284,0.038277213
51976,0.04196472,0.33125964
51977,0.9566304,0.97791004
51978,0.11323088,0.77828586
51979,0.11039965,0.41705734
51980,0.044242788,0.08647793
51981,0.017230831,0.44229668
51982,0.94343215,0.9631128
51983,0.9539824,0.95290613
51984,0.28980547,0.8258441
51985,0.0049471715,0.02007751
51986,0.02299783,0.012929677
51987,0.0010359284,0.52111346
51988,0.10793493,0.20500185
51989,0.0014193712,0.12147762
51990,0.057914328,0.19742016
51991,0.02375473,0.79518044
51992,0.08754041,0.22569999
51993,0.11139452,0.8683302
51994,0.032236427,0.31993777
51995,0.016259199,0.08625921
51996,0.015592019,0.047761347
51997,0.07085492,0.1139745
51998,0.02272455,0.2689258
51999,0.05727968,0.6966052
52000,0.0103456015,0.47975877
52001,0.18770285,0.17576094
52002,0.4285362,0.5373135
52003,0.81366295,0.8829862
52004,0.0032746273,0.2672404
52005,0.014811959,0.12209551
52006,0.17393018,0.30619627
52007,0.0124391,0.1491567
52008,0.010499668,0.83314073
52009,0.021334093,0.1773653
52010,0.3354513,0.33434296
52011,0.15941359,0.16044895
52012,0.21661204,0.5668729
52013,0.048448686,0.67129076
52014,0.24222454,0.6881298
52015,0.016971646,0.09835597
52016,0.0075453417,0.23275997
52017,0.014400617,0.22592758
52018,0.2797429,0.20489722
52019,0.17569745,0.40441206
52020,0.022157716,0.51257235
52021,0.099888325,0.23762569
52022,0.020005839,0.93548626
52023,0.017126903,0.9022684
52024,0.12571943,0.37012103
52025,0.29049093,0.89070433
52026,0.005315754,0.24432541
52027,0.07690043,0.5551257
52028,0.028182508,0.9680995
52029,0.017386895,0.9751737
52030,0.0124513535,0.5073119
52031,0.20852743,0.4724736
52032,0.61097395,0.9262833
52033,0.033229344,0.026076334
52034,0.1522889,0.5957068
52035,0.03904686,0.36780286
52036,0.02745129,0.10203249
52037,0.1514826,0.8857644
52038,0.03345507,0.07725364
52039,0.11668027,0.4182518
52040,0.89202523,0.924894
52041,0.010270046,0.072575666
52042,0.06369554,0.35081503
52043,0.02874139,0.027195195
52044,0.051356845,0.98700714
52045,0.0050602434,0.6828704
52046,0.68663,0.8924353
52047,0.4599518,0.53059137
52048,0.06791843,0.079594955
52049,0.29633433,0.20539913
52050,0.0313058,0.6764488
52051,0.023781518,0.16724244
52052,0.014119479,0.32967967
52053,0.014568695,0.12305561
52054,0.7981235,0.5442333
52055,0.15354949,0.8608655
52056,0.07819046,0.1927389
52057,0.11505292,0.48666853
52058,0.23529327,0.30298096
52059,0.08883015,0.16235793
52060,0.028195689,0.8356172
52061,0.016427554,0.058077678
52062,0.39981633,0.9357157
52063,0.073182754,0.9964139
52064,0.34780243,0.30406836
52065,0.02135413,0.4878438
52066,0.012019484,0.041188568
52067,0.03563879,0.08934504
52068,0.50665045,0.981604
52069,0.06984785,0.67466027
52070,0.9743506,0.6778478
52071,0.09058783,0.04774708
52072,0.7006567,0.5730641
52073,0.006475741,0.9303717
52074,0.32054433,0.9876831
52075,0.018913696,0.035670545
52076,0.054129623,0.113483846
52077,0.028300203,0.23143196
52078,0.004363565,0.041517466
52079,0.5035836,0.08178483
52080,0.17715621,0.9416889
52081,0.016953794,0.9436526
52082,0.9003564,0.94456863
52083,0.087985486,0.110692814
52084,0.82987624,0.9886445
52085,0.042029552,0.8848474
52086,0.51244354,0.97219354
52087,0.022936102,0.28774536
52088,0.107039034,0.1537429
52089,0.20327945,0.41564515
52090,0.22450876,0.4603039
52091,0.113731034,0.29025918
52092,0.05860072,0.20550421
52093,0.009238179,0.587157
52094,0.80162275,0.9111855
52095,0.0005464887,0.031320874
52096,0.01238232,0.82843053
52097,0.3457938,0.7277473
52098,0.011401703,0.06322934
52099,0.08485887,0.7640382
52100,0.0384429,0.6714399
52101,0.7359706,0.59409
52102,0.20386331,0.55007416
52103,0.09816007,0.13646713
52104,0.06666291,0.41287884
52105,0.0034398197,0.88124156
52106,0.29627046,0.9445791
52107,0.055434883,0.4717012
52108,0.082338646,0.09720746
52109,0.027397383,0.81538725
52110,0.05802652,0.24778384
52111,0.31127968,0.3787784
52112,0.016972264,0.054193247
52113,0.0018598153,0.01695153
52114,0.059341114,0.1214223
52115,0.014799063,0.23858993
52116,0.058541745,0.0715902
52117,0.022051897,0.024174837
52118,0.027745659,0.022100436
52119,0.014124638,0.12923038
52120,0.025733424,0.48478383
52121,0.031674348,0.6690551
52122,0.018966908,0.08477803
52123,0.008305878,0.19868672
52124,0.043285042,0.8288181
52125,0.31192032,0.79904646
52126,0.068404585,0.6856694
52127,0.22408526,0.3713431
52128,0.0033466234,0.082749315
52129,0.09907113,0.26039276
52130,0.018791292,0.19145036
52131,0.023590181,0.5219562
52132,0.14257827,0.112360135
52133,0.030707456,0.7504704
52134,0.026229616,0.2378383
52135,0.14396119,0.92869157
52136,0.00894822,0.050037693
52137,0.06571396,0.85801846
52138,0.5876727,0.7679449
52139,0.28021652,0.07670526
52140,0.04650571,0.09612428
52141,0.09578636,0.6729087
52142,0.6270367,0.20676333
52143,0.022942493,0.8620966
52144,0.38488013,0.92719537
52145,0.32456163,0.6682024
52146,0.1600163,0.520592
52147,0.11377639,0.8402174
52148,0.08042836,0.18822698
52149,0.07025638,0.13042091
52150,0.6198842,0.2817404
52151,0.099147804,0.9788326
52152,0.04020676,0.9359886
52153,0.065900974,0.8412696
52154,0.0557407,0.46745384
52155,0.023685232,0.47852892
52156,0.015780147,0.8586017
52157,0.12650272,0.45942685
52158,0.2692603,0.70748365
52159,0.47086254,0.14081463
52160,0.13812876,0.75487834
52161,0.02368162,0.09898028
52162,0.06039148,0.2451209
52163,0.15408796,0.56137425
52164,0.6878052,0.9047024
52165,0.030776145,0.96095616
52166,0.31736472,0.5837214
52167,0.05494982,0.10253125
52168,0.03082176,0.8798564
52169,0.065576375,0.06378101
52170,0.008228277,0.035736196
52171,0.22496566,0.96702355
52172,0.24786317,0.31615576
52173,0.0156287,0.22257876
52174,0.85738415,0.9473704
52175,0.06769584,0.3333346
52176,0.3028333,0.4510823
52177,0.6469652,0.91833746
52178,0.80691844,0.89605117
52179,0.12601903,0.6961687
52180,0.03384178,0.16187423
52181,0.04049044,0.68749905
52182,0.00025258135,0.06547647
52183,0.5634823,0.8063645
52184,0.07571477,0.32217738
52185,0.008614575,0.012184792
52186,0.19187237,0.44114783
52187,0.02614285,0.29786414
52188,0.037850216,0.38613918
52189,0.042632088,0.054838296
52190,0.00431587,0.049855545
52191,0.01355762,0.9708684
52192,0.6573583,0.86677057
52193,0.15257059,0.9292921
52194,0.2056713,0.18075372
52195,0.31063083,0.70899767
52196,0.012107924,0.07521744
52197,0.41601178,0.39519462
52198,0.0015864598,0.039792582
52199,0.0015010621,0.02594401
52200,0.13844283,0.6038182
52201,0.39920044,0.8060589
52202,0.04278702,0.25847936
52203,0.039092224,0.16932277
52204,0.019701988,0.013148516
52205,0.015343065,0.11534122
52206,0.21044207,0.2382188
52207,0.113683596,0.8477838
52208,0.18304582,0.030613942
52209,0.59545314,0.57668936
52210,0.08105197,0.25656793
52211,0.390829,0.6472604
52212,0.013600004,0.105895266
52213,0.044230606,0.10504364
52214,0.9394973,0.9573713
52215,0.02320027,0.09039953
52216,0.007302574,0.03699257
52217,0.011617165,0.6983672
52218,0.11881698,0.20725897
52219,0.023550976,0.8265795
52220,0.0053746505,0.27163678
52221,0.065818265,0.48568356
52222,0.023250528,0.58970284
52223,0.013270328,0.030592656
52224,0.7751103,0.9665451
52225,0.39518678,0.6755468
52226,0.07573132,0.7636724
52227,0.46755645,0.3005409
52228,0.0071790228,0.22604589
52229,0.06632528,0.03021447
52230,0.5696609,0.27484524
52231,0.0023604624,0.037306726
52232,0.12514384,0.27208108
52233,0.079025276,0.7798079
52234,0.07590449,0.11764727
52235,0.1331967,0.5500982
52236,0.2517315,0.9150059
52237,0.3155473,0.6416643
52238,0.12735853,0.47516313
52239,0.31130436,0.818755
52240,0.25578967,0.45282727
52241,0.18197395,0.97058827
52242,0.48797077,0.8153994
52243,0.09070436,0.10868943
52244,0.88247615,0.89419246
52245,0.085234836,0.3014806
52246,0.8861309,0.9480076
52247,0.3276641,0.97558606
52248,0.9198233,0.99578995
52249,0.025517654,0.60207635
52250,0.75704277,0.19995613
52251,0.03265689,0.88525915
52252,0.10548093,0.6272462
52253,0.042421423,0.056145772
52254,0.26557922,0.5345458
52255,0.28403395,0.2856892
52256,0.3739937,0.68268996
52257,0.16165243,0.89594847
52258,0.02494353,0.81370085
52259,0.004805997,0.2577168
52260,0.03648085,0.1677006
52261,0.03621483,0.13016123
52262,0.017106093,0.4129491
52263,0.16921397,0.45095602
52264,0.072762005,0.82745034
52265,0.0149516985,0.06384586
52266,0.70127064,0.06901578
52267,0.068313904,0.018537292
52268,0.029197263,0.6936619
52269,0.04737463,0.9362339
52270,0.015223352,0.06760176
52271,0.09531479,0.9076208
52272,0.06522656,0.22857837
52273,0.040333495,0.10934378
52274,0.0011551776,0.022201337
52275,0.03866233,0.1497278
52276,0.028551139,0.63000524
52277,0.18545364,0.9121588
52278,0.14930452,0.11053712
52279,0.051205646,0.0692164
52280,0.92177266,0.9460549
52281,0.014114323,0.15148836
52282,0.17434761,0.5278637
52283,0.056136046,0.19882831
52284,0.06396379,0.4835627
52285,0.11557289,0.26896715
52286,0.040587578,0.35677567
52287,0.016880115,0.5550568
52288,0.10618427,0.68156475
52289,0.005347954,0.009442915
52290,0.61979896,0.93318135
52291,0.010139319,0.15381865
52292,0.54139316,0.6783564
52293,0.076220125,0.51348406
52294,0.016161665,0.10398837
52295,0.28823796,0.9346023
52296,0.09897273,0.87233543
52297,0.02035506,0.084328905
52298,0.17825274,0.91455007
52299,0.0029542628,0.12429326
52300,0.42286295,0.8791255
52301,0.033592224,0.22501095
52302,0.20530134,0.5346752
52303,0.35349044,0.2044682
52304,0.013075295,0.27687144
52305,0.036380176,0.92113936
52306,0.28722334,0.7363736
52307,0.030374734,0.8250159
52308,0.40252784,0.9047766
52309,0.6393922,0.56458116
52310,0.901679,0.8642431
52311,0.040709373,0.124072835
52312,0.34280774,0.25520167
52313,0.017295508,0.6245092
52314,0.0119756125,0.070390604
52315,0.30108556,0.860871
52316,0.061876733,0.9677123
52317,0.34716225,0.99041593
52318,0.0062509584,0.020077439
52319,0.1729934,0.7291355
52320,0.45924652,0.8270577
52321,0.06585573,0.040629778
52322,0.056389503,0.3352665
52323,0.077868566,0.40283728
52324,0.6659797,0.55788463
52325,0.39505485,0.81437755
52326,0.011825846,0.5616019
52327,0.10255417,0.20312092
52328,0.008606316,0.46598127
52329,0.6678966,0.33795512
52330,0.038900465,0.8062724
52331,0.59975797,0.8185421
52332,0.17542362,0.4044789
52333,0.0070433463,0.05681117
52334,0.2076486,0.39827746
52335,0.085895285,0.07832803
52336,0.15112416,0.1268059
52337,0.5759832,0.21136141
52338,0.0018573649,0.0747867
52339,0.6904893,0.7123404
52340,0.04661861,0.6773828
52341,0.0033530325,0.09159184
52342,0.031615555,0.13387357
52343,0.056182805,0.15420282
52344,0.34372413,0.75931114
52345,0.08372571,0.36541155
52346,0.2742513,0.9546764
52347,0.1627911,0.8684692
52348,0.11146321,0.5981947
52349,0.05710899,0.8998124
52350,0.037804563,0.33214286
52351,0.03271986,0.031144336
52352,0.018943224,0.7096199
52353,0.15620361,0.38336724
52354,0.3433907,0.451906
52355,0.023350291,0.040819682
52356,0.35811356,0.9808966
52357,0.0124649,0.27283636
52358,0.007216252,0.059144303
52359,0.15328449,0.11183191
52360,0.37274912,0.56948113
52361,0.13786757,0.9400749
52362,0.083125055,0.2779249
52363,0.08418812,0.22303157
52364,0.004495927,0.048656803
52365,0.2121526,0.25191918
52366,0.0030868924,0.021071445
52367,0.097812876,0.048745587
52368,0.2888415,0.7481989
52369,0.33933252,0.8298462
52370,0.4517055,0.11153351
52371,0.84782505,0.5521244
52372,0.041275967,0.5014741
52373,0.11633395,0.3411798
52374,0.60803235,0.8940008
52375,0.042641368,0.62547594
52376,0.5659509,0.8829477
52377,0.020728696,0.042791277
52378,0.0015199606,0.020608425
52379,0.20721436,0.48069078
52380,0.011711678,0.5682901
52381,0.09724425,0.093451984
52382,0.51236486,0.89108074
52383,0.08598324,0.06907005
52384,0.18443064,0.9475517
52385,0.11830102,0.032938205
52386,0.36538175,0.47794062
52387,0.06896562,0.043957803
52388,0.9190313,0.93100476
52389,0.23173524,0.7111095
52390,0.052326903,0.9359493
52391,0.09362427,0.9628109
52392,0.18299083,0.27387294
52393,0.18280293,0.9834651
52394,0.11389343,0.7997026
52395,0.016576987,0.25220475
52396,0.023246525,0.026668718
52397,0.95556194,0.9875164
52398,0.102418475,0.57223845
52399,0.017653003,0.38417223
52400,0.015077923,0.8190607
52401,0.0039102095,0.09927559
52402,0.0029012219,0.053342983
52403,0.13344932,0.4754828
52404,0.013028495,0.93885136
52405,0.4156513,0.61078155
52406,0.012400206,0.48483998
52407,0.43490747,0.102771334
52408,0.017518295,0.65493506
52409,0.21915446,0.9677247
52410,0.21358141,0.56334054
52411,0.0828017,0.09494653
52412,0.0122423135,0.060161587
52413,0.02536379,0.057419967
52414,0.07815689,0.041370325
52415,0.0040308754,0.057899345
52416,0.022953773,0.3580227
52417,0.032461736,0.58132976
52418,0.81416607,0.9748632
52419,0.07604958,0.46153444
52420,0.011160757,0.06344896
52421,0.14391506,0.54649657
52422,0.0074922913,0.08308835
52423,0.023583822,0.89690673
52424,0.024450844,0.9285387
52425,0.006151051,0.8790933
52426,0.042958412,0.11515734
52427,0.7727234,0.79953104
52428,0.053320892,0.027905878
52429,0.5192632,0.71369374
52430,0.08026079,0.21766938
52431,0.36989594,0.1260808
52432,0.046893567,0.11118724
52433,0.031246487,0.9461763
52434,0.1992,0.30969852
52435,0.4546917,0.3910651
52436,0.10175257,0.058151584
52437,0.093560964,0.2784475
52438,0.026429225,0.23505037
52439,0.10488595,0.19793785
52440,0.0030671852,0.11802316
52441,0.030768054,0.058282826
52442,0.0998124,0.8324391
52443,0.02102346,0.025750944
52444,0.7668241,0.9691933
52445,0.044819664,0.5187256
52446,0.37736574,0.5869585
52447,0.02520113,0.11792295
52448,0.19596353,0.08785859
52449,0.92589015,0.896351
52450,0.036052518,0.90021807
52451,0.92558396,0.9190774
52452,0.2170559,0.15201162
52453,0.012734244,0.5844064
52454,0.3924171,0.1802289
52455,0.8660414,0.8111105
52456,0.90932816,0.90865034
52457,0.1231347,0.61516404
52458,0.3805855,0.0945274
52459,0.017806174,0.7670701
52460,0.0027318618,0.10499387
52461,0.25571916,0.18183015
52462,0.117625445,0.42478848
52463,0.01784924,0.11581848
52464,0.017335346,0.005172435
52465,0.8930098,0.9606862
52466,0.42439163,0.7388994
52467,0.40874606,0.33860716
52468,0.010052592,0.3721026
52469,0.0029891303,0.022785913
52470,0.17560987,0.5781209
52471,0.021260332,0.04327286
52472,0.002749223,0.0067916396
52473,0.41950792,0.85692304
52474,0.31133777,0.19174094
52475,0.77772075,0.9527517
52476,0.15781882,0.92413336
52477,0.012082705,0.15417306
52478,0.004451584,0.103024274
52479,0.0032977862,0.010242142
52480,0.005604227,0.032720618
52481,0.83476126,0.7994363
52482,0.026209546,0.6550569
52483,0.9746892,0.9565602
52484,0.27255848,0.5790569
52485,0.11924055,0.36380506
52486,0.010693198,0.036843356
52487,0.13222906,0.20566697
52488,0.5453627,0.45437306
52489,0.31387118,0.8959094
52490,0.24367173,0.8551327
52491,0.94343287,0.95524544
52492,0.02283074,0.120406896
52493,0.6253719,0.9805336
52494,0.27162874,0.85856134
52495,0.03260164,0.30515054
52496,0.9054083,0.8916709
52497,0.6234538,0.2754822
52498,0.047047712,0.98196465
52499,0.16451609,0.23793387
52500,0.08329223,0.522974
52501,0.05349692,0.14070089
52502,0.06613843,0.1074059
52503,0.008651013,0.36176953
52504,0.03820355,0.04610102
52505,0.013657844,0.19555199
52506,0.033378486,0.061799925
52507,0.018271804,0.06709379
52508,0.9224526,0.9887138
52509,0.01948736,0.068087526
52510,0.003485098,0.057238087
52511,0.19779871,0.45917684
52512,0.052486688,0.022389442
52513,0.024391577,0.84225273
52514,0.6052131,0.54425997
52515,0.00074790994,0.14163223
52516,0.0017685058,0.044760216
52517,0.052177068,0.9620566
52518,0.13953723,0.17117643
52519,0.52184373,0.8509489
52520,0.8516386,0.919669
52521,0.005728815,0.011957262
52522,0.0069097807,0.23530555
52523,0.10789701,0.7049138
52524,0.20083815,0.3684126
52525,0.43924215,0.7205623
52526,0.007668149,0.086383045
52527,0.30398005,0.98374754
52528,0.19922051,0.8274164
52529,0.6417009,0.72361124
52530,0.0105903605,0.091308385
52531,0.38265237,0.81985974
52532,0.05903109,0.41696423
52533,0.0076978616,0.02877803
52534,0.05333506,0.6134944
52535,0.02704296,0.30826616
52536,0.58348304,0.20532136
52537,0.052261174,0.83282334
52538,0.020307297,0.04439383
52539,0.0048249727,0.96918046
52540,0.039781276,0.7319122
52541,0.045673102,0.24202082
52542,0.018047871,0.2555234
52543,0.037928462,0.043824174
52544,0.05193634,0.25663623
52545,0.063243546,0.3064134
52546,0.73092204,0.57190144
52547,0.016966283,0.0828582
52548,0.06350794,0.57634
52549,0.06701609,0.7843427
52550,0.10694931,0.3951969
52551,0.1965057,0.29882047
52552,0.06083183,0.74438286
52553,0.016936637,0.92671484
52554,0.70629764,0.5726536
52555,0.06979887,0.22784407
52556,0.21741375,0.9259245
52557,0.06925046,0.099675596
52558,0.15841977,0.19857152
52559,0.016817864,0.06993204
52560,0.0100150835,0.022174843
52561,0.41572055,0.2872151
52562,0.019650755,0.07936251
52563,0.79164916,0.90827805
52564,0.03729826,0.21666889
52565,0.003211843,0.02180664
52566,0.11737423,0.9753366
52567,0.04298941,0.13598514
52568,0.103251316,0.61330485
52569,0.23272277,0.66158396
52570,0.10513084,0.057961486
52571,0.6943301,0.6855433
52572,0.09648504,0.04307058
52573,0.011257784,0.7482175
52574,0.22832161,0.22729059
52575,0.6176944,0.9403535
52576,0.039233014,0.50102115
52577,0.10055376,0.29388255
52578,0.6484726,0.81550175
52579,0.1963835,0.14795037
52580,0.020435449,0.9850594
52581,0.78755057,0.85832155
52582,0.041036043,0.16984731
52583,0.08210925,0.6351454
52584,0.012178198,0.13077842
52585,0.028967155,0.706355
52586,0.037684154,0.36835083
52587,0.10087443,0.05039606
52588,0.04278736,0.27132434
52589,0.02461002,0.24917245
52590,0.0056409216,0.13577415
52591,0.0041837753,0.028564896
52592,0.6279072,0.6315786
52593,0.01624348,0.046503913
52594,0.0046260413,0.01241413
52595,0.016739577,0.10868859
52596,0.015020334,0.12990546
52597,0.42382225,0.6269529
52598,0.8149079,0.9719767
52599,0.36668342,0.3140734
52600,0.1015743,0.96324974
52601,0.0068633943,0.033206496
52602,0.032843802,0.12644546
52603,0.016772274,0.7004505
52604,0.07112278,0.25615808
52605,0.0020843034,0.5288877
52606,0.37417313,0.3682731
52607,0.036773484,0.9280363
52608,0.005751506,0.456521
52609,0.028860707,0.5045719
52610,0.77386856,0.8511608
52611,0.037489217,0.7230957
52612,0.025726994,0.1152037
52613,0.026736572,0.07430961
52614,0.19244994,0.9191029
52615,0.10098258,0.7412271
52616,0.08915091,0.3986255
52617,0.10883928,0.040112853
52618,0.0066218795,0.123963736
52619,0.015666582,0.20070526
52620,0.5310751,0.29735377
52621,0.12727591,0.628698
52622,0.011740837,0.049098354
52623,0.28037572,0.29556292
52624,0.11047652,0.6124671
52625,0.010680463,0.055376977
52626,0.86719626,0.95980823
52627,0.12454154,0.13914081
52628,0.006531339,0.13700995
52629,0.009211985,0.021129146
52630,0.2492222,0.7696386
52631,0.8962779,0.97628117
52632,0.15881152,0.79945016
52633,0.2696181,0.15137856
52634,0.049961627,0.0578461
52635,0.016980087,0.038576927
52636,0.014251074,0.3330667
52637,0.30642116,0.8738356
52638,0.08284671,0.8108155
52639,0.017741118,0.32294214
52640,0.13358773,0.7506279
52641,0.021037051,0.89090925
52642,0.46801317,0.09304121
52643,0.14344333,0.1874522
52644,0.0040805596,0.44828746
52645,0.08937088,0.13634363
52646,0.018891076,0.051316496
52647,0.4837434,0.95330304
52648,0.08733956,0.35002562
52649,0.032491412,0.60878223
52650,0.035731405,0.028492188
52651,0.15565532,0.70409054
52652,0.2209571,0.6779095
52653,0.36742106,0.8635957
52654,0.050974924,0.82512146
52655,0.65411144,0.04187409
52656,0.030349381,0.035682127
52657,0.0058294805,0.5102633
52658,0.9890154,0.8617582
52659,0.14258824,0.27704087
52660,0.68841183,0.8499057
52661,0.07105363,0.059034117
52662,0.027174504,0.34293425
52663,0.031462684,0.045828268
52664,0.014907225,0.027561592
52665,0.14601588,0.35334742
52666,0.15299016,0.23355052
52667,0.08907591,0.5428035
52668,0.033819526,0.8840825
52669,0.14609517,0.3113422
52670,0.170275,0.8065434
52671,0.57074285,0.7638317
52672,0.02586446,0.029506855
52673,0.09647613,0.17668991
52674,0.048380397,0.3867645
52675,0.048329983,0.19913088
52676,0.08783941,0.09270581
52677,0.77856034,0.9672638
52678,0.9168992,0.99029595
52679,0.008629003,0.042990312
52680,0.006061402,0.09748446
52681,0.67274225,0.9643662
52682,0.048097394,0.036104746
52683,0.0077337045,0.10210071
52684,0.062681384,0.1761827
52685,0.1401598,0.8191677
52686,0.0077599273,0.23291169
52687,0.04696829,0.09473907
52688,0.033274546,0.18451653
52689,0.04558497,0.9094522
52690,0.20878984,0.257058
52691,0.15524517,0.8948274
52692,0.04873711,0.41120434
52693,0.4630051,0.9826901
52694,0.028671794,0.66447717
52695,0.972455,0.9906476
52696,0.3389067,0.052502375
52697,0.0075800167,0.39457595
52698,0.048799027,0.14355332
52699,0.028380152,0.113423795
52700,0.15078667,0.3477696
52701,0.00936706,0.02265134
52702,0.94363874,0.13249551
52703,0.42919362,0.75640523
52704,0.91662246,0.45278597
52705,0.11129039,0.21766213
52706,0.038623642,0.71915376
52707,0.77080476,0.69716495
52708,0.07638795,0.44749027
52709,0.0131099885,0.2863212
52710,0.0022921448,0.037225787
52711,0.0010462411,0.0026210046
52712,0.0018011883,0.088965036
52713,0.10683047,0.028251296
52714,0.013121833,0.18722802
52715,0.0019506773,0.018968012
52716,0.29267818,0.95439434
52717,0.033193264,0.9165017
52718,0.5686692,0.039826956
52719,0.1459494,0.84549147
52720,0.5067904,0.8050384
52721,0.10294932,0.9824808
52722,0.012718408,0.056348715
52723,0.05592348,0.18651736
52724,0.022042155,0.05626048
52725,0.035494886,0.029958876
52726,0.2914645,0.7012662
52727,0.7784178,0.63510513
52728,0.043482333,0.08494679
52729,0.033708166,0.015401035
52730,0.1454603,0.20678
52731,0.17190754,0.91068834
52732,0.5458949,0.8385212
52733,0.07900373,0.5688588
52734,0.026552966,0.31968883
52735,0.028763732,0.848283
52736,0.21259898,0.9312022
52737,0.21765174,0.96680105
52738,0.48356014,0.11637172
52739,0.1105656,0.47190946
52740,0.010454943,0.09811092
52741,0.0020323745,0.033048265
52742,0.39066917,0.3520883
52743,0.25489405,0.5383655
52744,0.008344005,0.08058489
52745,0.7348631,0.93241304
52746,0.035740025,0.38783905
52747,0.01733438,0.98816746
52748,0.003643317,0.029817926
52749,0.5391513,0.9096755
52750,0.79239917,0.90593594
52751,0.022831779,0.9141549
52752,0.013624898,0.57296544
52753,0.855396,0.8926123
52754,0.06409679,0.14193332
52755,0.12527587,0.8834157
52756,0.10452312,0.9263538
52757,0.031033643,0.795811
52758,0.81027323,0.86042744
52759,0.020057298,0.07281015
52760,0.042243905,0.32364213
52761,0.052188728,0.13836749
52762,0.08835352,0.88881695
52763,0.04854581,0.07341065
52764,0.07767009,0.20565823
52765,0.13702007,0.87011373
52766,0.63049275,0.25201094
52767,0.109735206,0.078500584
52768,0.025790464,0.020520609
52769,0.01123078,0.3952835
52770,0.013826246,0.03390753
52771,0.011637737,0.5296982
52772,0.5370192,0.8869873
52773,0.0054645278,0.2743105
52774,0.76443475,0.8345985
52775,0.03213255,0.7921237
52776,0.27586514,0.86110616
52777,0.27091467,0.7028651
52778,0.08873849,0.34187275
52779,0.9602388,0.9663076
52780,0.022629075,0.31047192
52781,0.25424442,0.3387352
52782,0.5764079,0.22691043
52783,0.52682716,0.5322197
52784,0.22044618,0.84555554
52785,0.9601151,0.99532074
52786,0.049496144,0.09352775
52787,0.04427323,0.97786134
52788,0.5689879,0.89041996
52789,0.98325145,0.9807945
52790,0.4943944,0.86505187
52791,0.06535738,0.84361595
52792,0.043923207,0.04020206
52793,0.09138749,0.9503273
52794,0.2423746,0.9326552
52795,0.39033985,0.07629565
52796,0.82574344,0.94100225
52797,0.060341045,0.6700186
52798,0.043155473,0.37859896
52799,0.0073934966,0.10285561
52800,0.50092316,0.6699357
52801,0.55635566,0.7622062
52802,0.0061590225,0.06692186
52803,0.24398334,0.1583289
52804,0.20516305,0.6416031
52805,0.004862265,0.02150905
52806,0.22801037,0.5645658
52807,0.06349869,0.1669624
52808,0.020157639,0.06974312
52809,0.091565825,0.5121478
52810,0.004281368,0.10018876
52811,0.023274325,0.15362251
52812,0.010976724,0.07424879
52813,0.0068389596,0.7747857
52814,0.035342775,0.8009483
52815,0.2662621,0.8349225
52816,0.04503145,0.91072994
52817,0.904576,0.86213315
52818,0.22367793,0.12714082
52819,0.091049716,0.98642856
52820,0.00350563,0.10551161
52821,0.0031228352,0.040724162
52822,0.018084507,0.2358708
52823,0.039107855,0.55203605
52824,0.11221774,0.14501876
52825,0.90033406,0.6861626
52826,0.10721775,0.7265564
52827,0.032492977,0.50131255
52828,0.007804571,0.23054382
52829,0.7378528,0.9507672
52830,0.99183345,0.94575644
52831,0.96440613,0.9750886
52832,0.21221365,0.2004991
52833,0.7165305,0.89667344
52834,0.012102996,0.71915376
52835,0.4694402,0.9282286
52836,0.031787388,0.3183078
52837,0.8181909,0.9921445
52838,0.09589285,0.7296501
52839,0.04488821,0.4681703
52840,0.25969797,0.296456
52841,0.0194184,0.13074102
52842,0.007345378,0.11085471
52843,0.02981639,0.9859431
52844,0.9084666,0.55806494
52845,0.04290943,0.2239753
52846,0.33383372,0.4765361
52847,0.024208382,0.8972763
52848,0.009204785,0.9154127
52849,0.10760949,0.70164305
52850,0.34867424,0.072208285
52851,0.09102162,0.61233807
52852,0.13825451,0.9854675
52853,0.5395384,0.95674354
52854,0.32616684,0.85012394
52855,0.007917075,0.9335943
52856,0.62492156,0.5146262
52857,0.1345153,0.1129545
52858,0.22840999,0.4156286
52859,0.3933943,0.8931157
52860,0.15149085,0.8979295
52861,0.012205937,0.040853675
52862,0.033051115,0.13933635
52863,0.10607071,0.21981154
52864,0.85278994,0.44141462
52865,0.2627424,0.7357079
52866,0.39548543,0.6125966
52867,0.014330692,0.08292265
52868,0.59521246,0.9065958
52869,0.017691115,0.15290152
52870,0.50210965,0.57240856
52871,0.024514887,0.42775458
52872,0.0113231875,0.08034509
52873,0.17176962,0.25110343
52874,0.33624542,0.5417416
52875,0.02662606,0.39977014
52876,0.016908698,0.049103975
52877,0.004233157,0.0735474
52878,0.34398133,0.742211
52879,0.040389936,0.13310362
52880,0.3269713,0.9528
52881,0.5900259,0.7300627
52882,0.55793476,0.0045546344
52883,0.01691949,0.007932033
52884,0.023745507,0.03328289
52885,0.004000094,0.46009597
52886,0.07319978,0.31937733
52887,0.081962205,0.81540346
52888,0.21869425,0.0625024
52889,0.1610764,0.7898542
52890,0.38031605,0.36531803
52891,0.014885401,0.005838189
52892,0.015606099,0.031629324
52893,0.63228565,0.5652385
52894,0.2092609,0.5556681
52895,0.05296443,0.043951146
52896,0.26292503,0.9566037
52897,0.0038897218,0.10237375
52898,0.21764451,0.3513206
52899,0.38383728,0.7026981
52900,0.007164006,0.50407493
52901,0.4581655,0.9278831
52902,0.015513781,0.42145494
52903,0.3427303,0.5212448
52904,0.012409588,0.054247748
52905,0.025650332,0.08615125
52906,0.013789857,0.47056586
52907,0.73556596,0.5383871
52908,0.035416577,0.44605204
52909,0.21746577,0.74231243
52910,0.0062078224,0.09072553
52911,0.08372625,0.9688987
52912,0.0046025105,0.0208531
52913,0.04660863,0.24710006
52914,0.071592435,0.4963603
52915,0.008337623,0.14727901
52916,0.07528571,0.33946216
52917,0.05624709,0.84866875
52918,0.048101112,0.2304781
52919,0.37596783,0.6254816
52920,0.9026321,0.9353988
52921,0.42734098,0.77034086
52922,0.052623414,0.10034735
52923,0.14140101,0.17871384
52924,0.9656989,0.90882725
52925,0.067166716,0.28842983
52926,0.005910954,0.09310064
52927,0.006250301,0.10284192
52928,0.036193796,0.6840471
52929,0.6119381,0.7917723
52930,0.43543693,0.84853077
52931,0.07036376,0.39501053
52932,0.16457804,0.11919052
52933,0.03436877,0.5553018
52934,0.45823628,0.42049196
52935,0.7215704,0.15972513
52936,0.62268764,0.8568643
52937,0.032895498,0.044473097
52938,0.06551754,0.9798267
52939,0.052121606,0.20216464
52940,0.02823259,0.71855325
52941,0.044482052,0.77187383
52942,0.05658806,0.015897347
52943,0.7657484,0.45571333
52944,0.07089006,0.9127485
52945,0.07812999,0.039321423
52946,0.12157926,0.13503125
52947,0.14016804,0.7656153
52948,0.19442853,0.62476355
52949,0.0025318554,0.82741654
52950,0.41253424,0.97993076
52951,0.060572855,0.11419465
52952,0.00796143,0.1528671
52953,0.047201045,0.9875513
52954,0.015778169,0.52089775
52955,0.0624755,0.30058202
52956,0.32268006,0.9478622
52957,0.13597238,0.18223494
52958,0.0067200353,0.042352818
52959,0.045460623,0.16202557
52960,0.009333488,0.016782083
52961,0.23476079,0.51143384
52962,0.25728622,0.19048044
52963,0.13344365,0.27326846
52964,0.879729,0.8758118
52965,0.018074507,0.20186798
52966,0.010980758,0.013880216
52967,0.024410328,0.031623155
52968,0.03862119,0.15910387
52969,0.18910657,0.09588101
52970,0.1213093,0.67346865
52971,0.7974513,0.9033505
52972,0.039512143,0.16825983
52973,0.016824119,0.7221426
52974,0.9144466,0.92038137
52975,0.016548023,0.054470707
52976,0.117206395,0.21915582
52977,0.4984128,0.8872664
52978,0.01361502,0.86434335
52979,0.014909465,0.08395527
52980,0.0034847734,0.10742945
52981,0.7042301,0.9314707
52982,0.008712056,0.019460684
52983,0.21591398,0.5075378
52984,0.5004259,0.11266262
52985,0.7931539,0.78539604
52986,0.48753175,0.9064661
52987,0.8492273,0.94104093
52988,0.8402547,0.80955225
52989,0.14991763,0.5893052
52990,0.020387216,0.6739977
52991,0.005716413,0.5280704
52992,0.0129024545,0.7138134
52993,0.045886144,0.5615365
52994,0.056802817,0.82019514
52995,0.034409683,0.7839126
52996,0.00084634754,0.08237663
52997,0.04167057,0.56958365
52998,0.07356215,0.91344875
52999,0.046969295,0.04028618
53000,0.49945724,0.5398768
53001,0.012640717,0.079899594
53002,0.017618017,0.7230618
53003,0.080589496,0.5021932
53004,0.10123116,0.17035502
53005,0.44375417,0.9331648
53006,0.067875996,0.6636796
53007,0.31372076,0.35734287
53008,0.21064736,0.31646103
53009,0.015187045,0.073788404
53010,0.047222782,0.36395493
53011,0.011372898,0.73070496
53012,0.2632062,0.34030777
53013,0.16544002,0.7712942
53014,0.02389102,0.20154485
53015,0.017372359,0.9273208
53016,0.046178207,0.038842805
53017,0.041210663,0.59720826
53018,0.089571774,0.062655985
53019,0.04271114,0.60308534
53020,0.03760227,0.4376168
53021,0.89961004,0.47870368
53022,0.15012087,0.9393052
53023,0.03683785,0.9762047
53024,0.87683904,0.9689479
53025,0.044055626,0.99366635
53026,0.020330876,0.4188888
53027,0.0240584,0.04740888
53028,0.20671722,0.63668025
53029,0.004615805,0.20873937
53030,0.032569822,0.051740777
53031,0.08682427,0.02908632
53032,0.082900785,0.63366437
53033,0.004713007,0.023742327
53034,0.014421912,0.085646845
53035,0.019549679,0.23273946
53036,0.36053276,0.25467354
53037,0.08734142,0.18477829
53038,0.09448125,0.44789273
53039,0.050716046,0.80776334
53040,0.011696625,0.03309263
53041,0.9072048,0.3630459
53042,0.036413882,0.78192216
53043,0.076461494,0.14263657
53044,0.16930497,0.9352696
53045,0.041647084,0.08924205
53046,0.006155034,0.056877773
53047,0.059568502,0.08133428
53048,0.02303818,0.19863915
53049,0.06819026,0.05081506
53050,0.95320046,0.9754919
53051,0.03007317,0.18147087
53052,0.694025,0.89638746
53053,0.30298164,0.4922572
53054,0.1877085,0.19495143
53055,0.020249171,0.60422665
53056,0.076872796,0.10536991
53057,0.18020158,0.81036836
53058,0.018725013,0.09159047
53059,0.4078565,0.33182806
53060,0.027370295,0.68510187
53061,0.9477201,0.99140817
53062,0.08211255,0.919809
53063,0.22541235,0.1648354
53064,0.0026875497,0.19198911
53065,0.65195537,0.60526276
53066,0.041945823,0.009644103
53067,0.11129053,0.27444005
53068,0.009350787,0.058744628
53069,0.44232026,0.5506452
53070,0.1428928,0.17542431
53071,0.05600935,0.7239472
53072,0.45878437,0.96164113
53073,0.0032324847,0.03829176
53074,0.017610196,0.62092036
53075,0.025392018,0.13053694
53076,0.001174128,0.04827996
53077,0.028471794,0.71415675
53078,0.7766223,0.78480315
53079,0.04329338,0.8240983
53080,0.079589136,0.37710464
53081,0.16462249,0.24559776
53082,0.029927235,0.014836623
53083,0.09410233,0.030256733
53084,0.024227137,0.7920928
53085,0.9846202,0.9861601
53086,0.60336196,0.9121292
53087,0.14144604,0.33562917
53088,0.26806504,0.76359755
53089,0.025010912,0.021956269
53090,0.012000598,0.17202236
53091,0.61467385,0.48051018
53092,0.103471436,0.037482075
53093,0.6385775,0.69666946
53094,0.9564018,0.9707398
53095,0.0278815,0.3388708
53096,0.22031783,0.81535417
53097,0.9050772,0.9556487
53098,0.0013440043,0.07600168
53099,0.9045795,0.2601991
53100,0.039864503,0.57079077
53101,0.14601922,0.6606751
53102,0.12115204,0.9094638
53103,0.10203426,0.521468
53104,0.02017629,0.1524672
53105,0.050943427,0.21187839
53106,0.11391669,0.033063814
53107,0.22956344,0.08782793
53108,0.007032093,0.00238023
53109,0.021026189,0.077067554
53110,0.7603922,0.96056926
53111,0.18817568,0.8248559
53112,0.0073795053,0.05512844
53113,0.0549858,0.6736141
53114,0.00860586,0.78221536
53115,0.0025160857,0.025401171
53116,0.008090603,0.05050094
53117,0.08835512,0.80006015
53118,0.1541014,0.69104844
53119,0.028580343,0.076310925
53120,0.04773378,0.8646871
53121,0.045710426,0.059688743
53122,0.05923262,0.19699265
53123,0.049339086,0.45603862
53124,0.096358605,0.113934584
53125,0.57512426,0.9811721
53126,0.029646344,0.044916585
53127,0.02803988,0.26939383
53128,0.4455667,0.83290535
53129,0.058603544,0.05542355
53130,0.091696,0.19409382
53131,0.63908803,0.42442447
53132,0.010490818,0.037027594
53133,0.009152616,0.319213
53134,0.076826215,0.6638291
53135,0.9101223,0.59657675
53136,0.04219254,0.17752515
53137,0.17326151,0.7436937
53138,0.9556607,0.85945076
53139,0.26070383,0.5652035
53140,0.13937733,0.039477546
53141,0.009331522,0.14688894
53142,0.0024450284,0.007182228
53143,0.03873545,0.57038325
53144,0.7900408,0.9236055
53145,0.11869609,0.20128872
53146,0.6789083,0.8938564
53147,0.10865979,0.048090767
53148,0.64506847,0.95180243
53149,0.14847684,0.19455849
53150,0.08679936,0.7983679
53151,0.52660716,0.6913041
53152,0.02270049,0.8970549
53153,0.017378498,0.3411862
53154,0.84530175,0.98007935
53155,0.006413702,0.022364926
53156,0.7531257,0.88438076
53157,0.06234777,0.013884068
53158,0.014186458,0.42075709
53159,0.15166564,0.89925706
53160,0.1429089,0.3490942
53161,0.025060361,0.86888576
53162,0.04997781,0.113111734
53163,0.4386544,0.5657213
53164,0.009727084,0.059343666
53165,0.022515869,0.77661157
53166,0.11905956,0.2545672
53167,0.17747256,0.32904756
53168,0.72545177,0.92333364
53169,0.0135758715,0.06419024
53170,0.02160448,0.94107974
53171,0.07241832,0.11642687
53172,0.2420121,0.85257566
53173,0.023836188,0.1330184
53174,0.045628242,0.8680603
53175,0.6044125,0.69771886
53176,0.105866216,0.20715488
53177,0.08085435,0.9522126
53178,0.076719955,0.36424503
53179,0.0050437916,0.05847673
53180,0.062686525,0.039111618
53181,0.07094563,0.35265714
53182,0.36033872,0.53214616
53183,0.18175337,0.9140872
53184,0.17755301,0.18803948
53185,0.0052542235,0.02125434
53186,0.007350891,0.07285211
53187,0.032662638,0.6600355
53188,0.1702218,0.6373766
53189,0.07395318,0.08983383
53190,0.006654473,0.3305696
53191,0.22789069,0.8940452
53192,0.70480007,0.5336335
53193,0.38504076,0.9260758
53194,0.0383951,0.75883603
53195,0.16256562,0.85150135
53196,0.007910625,0.033609573
53197,0.9703783,0.9956071
53198,0.3878759,0.17222129
53199,0.115655296,0.8460998
53200,0.49768323,0.8594114
53201,0.4245601,0.7501288
53202,0.035398126,0.09463769
53203,0.18067251,0.28434402
53204,0.0041019875,0.059003197
53205,0.074311234,0.6640388
53206,0.018193347,0.7388969
53207,0.05325112,0.07020044
53208,0.89259475,0.93493074
53209,0.018947965,0.1050395
53210,0.9274981,0.6054792
53211,0.021400211,0.74932736
53212,0.043642305,0.6673734
53213,0.008361905,0.73404235
53214,0.29712436,0.5407947
53215,0.0365185,0.53292143
53216,0.0403058,0.66806406
53217,0.7935844,0.9411829
53218,0.01898783,0.73490953
53219,0.05405956,0.8791585
53220,0.115742385,0.2335894
53221,0.14676437,0.0472203
53222,0.7652623,0.9079986
53223,0.075289585,0.38232115
53224,0.0016202289,0.44080114
53225,0.062557526,0.095226556
53226,0.81519324,0.39454502
53227,0.08182294,0.7090842
53228,0.027116235,0.98097515
53229,0.2612386,0.82118595
53230,0.08058135,0.37432355
53231,0.03306491,0.2727947
53232,0.037447546,0.05213336
53233,0.014217111,0.22286297
53234,0.09468054,0.44943616
53235,0.8574967,0.685295
53236,0.2594846,0.073945984
53237,0.6483063,0.8352886
53238,0.081048,0.15978782
53239,0.033814058,0.26143277
53240,0.0035471001,0.029083263
53241,0.73055816,0.46822068
53242,0.35643518,0.9688222
53243,0.1285392,0.21915777
53244,0.08041854,0.40625057
53245,0.016453099,0.93927073
53246,0.6717899,0.8704451
53247,0.19347303,0.9363819
53248,0.0018184452,0.037471805
53249,0.07125735,0.15971802
53250,0.29511514,0.1695806
53251,0.0389919,0.21884406
53252,0.12007073,0.65597
53253,0.2569141,0.851813
53254,0.018932981,0.30293596
53255,0.012949025,0.5532522
53256,0.16374259,0.5963148
53257,0.033285838,0.33780235
53258,0.010394708,0.09777913
53259,0.06342354,0.10299383
53260,0.022550605,0.45230064
53261,0.011426857,0.6213377
53262,0.53578186,0.20912084
53263,0.14927898,0.14863104
53264,0.07148111,0.17901263
53265,0.10017042,0.23277299
53266,0.01996235,0.010710044
53267,0.19197285,0.8240729
53268,0.5697018,0.13087851
53269,0.53725755,0.84109515
53270,0.06716688,0.8850466
53271,0.0008420279,0.13530263
53272,0.3532597,0.10126396
53273,0.86332387,0.9443222
53274,0.02966478,0.23562934
53275,0.0006029673,0.018805258
53276,0.07372158,0.33133012
53277,0.17789206,0.13437659
53278,0.0045130416,0.026383497
53279,0.06562801,0.2975531
53280,0.07310313,0.5737407
53281,0.18733841,0.7756874
53282,0.049546286,0.8408329
53283,0.0010139028,0.0051492658
53284,0.035192247,0.9506155
53285,0.049586147,0.22829698
53286,0.7637149,0.4691841
53287,0.050314933,0.2587685
53288,0.042520892,0.13882229
53289,0.005575632,0.55452996
53290,0.04455891,0.6837976
53291,0.02394952,0.5737873
53292,0.5577608,0.68648714
53293,0.41937932,0.2423031
53294,0.0016269091,0.45178494
53295,0.03909691,0.16000712
53296,0.01288212,0.03256486
53297,0.06253901,0.03304183
53298,0.07679722,0.5825493
53299,0.01932901,0.019768335
53300,0.84450215,0.9476954
53301,0.04397659,0.7348442
53302,0.010370951,0.04484342
53303,0.08919369,0.12844871
53304,0.64530534,0.7348666
53305,0.091978244,0.19791022
53306,0.25874197,0.9676599
53307,0.7890684,0.98067665
53308,0.3330913,0.89732856
53309,0.10244875,0.007814621
53310,0.04669068,0.049825378
53311,0.0019602822,0.01490763
53312,0.11573631,0.14185952
53313,0.06563156,0.7193474
53314,0.36182734,0.24127324
53315,0.65797174,0.20388055
53316,0.021128431,0.52402586
53317,0.03245728,0.41993997
53318,0.016205829,0.033261627
53319,0.010653079,0.084441334
53320,0.9135663,0.8292445
53321,0.17763463,0.120882064
53322,0.01503121,0.07012443
53323,0.004375815,0.073702015
53324,0.1445427,0.21071127
53325,0.0035156154,0.021844042
53326,0.018577032,0.041975025
53327,0.0353869,0.40970978
53328,0.001776784,0.111960486
53329,0.17992347,0.4961021
53330,0.60432667,0.8802825
53331,0.40301922,0.93647856
53332,0.113365255,0.34879074
53333,0.0027809143,0.019248787
53334,0.07915619,0.26081127
53335,0.1805319,0.3606229
53336,0.10308689,0.78645813
53337,0.015202008,0.027875643
53338,0.33419248,0.39977324
53339,0.030321663,0.35570404
53340,0.04071458,0.10574802
53341,0.8490115,0.8672978
53342,0.07238926,0.36762312
53343,0.020210039,0.028246708
53344,0.1946973,0.3646988
53345,0.045602977,0.03154221
53346,0.009248117,0.30533314
53347,0.021928031,0.14892028
53348,0.4558168,0.86273676
53349,0.10073704,0.42345557
53350,0.28505728,0.20127718
53351,0.003624712,0.099464044
53352,0.17222945,0.46287605
53353,0.03252442,0.18236187
53354,0.12317689,0.3635628
53355,0.103169754,0.086496785
53356,0.691153,0.8302261
53357,0.0026812775,0.01144018
53358,0.08849135,0.06346932
53359,0.04600331,0.37798285
53360,0.062329825,0.23878492
53361,0.007821952,0.0114129465
53362,0.46327287,0.5192947
53363,0.4354498,0.8472566
53364,0.013775955,0.75721294
53365,0.031511392,0.8080312
53366,0.010216839,0.29145342
53367,0.5525492,0.9249377
53368,0.9072809,0.926245
53369,0.031704444,0.7072906
53370,0.028499117,0.25398085
53371,0.010047051,0.08560251
53372,0.259759,0.822312
53373,0.08687162,0.17506438
53374,0.022187611,0.28170553
53375,0.0502344,0.5093273
53376,0.121200405,0.5252555
53377,0.061765473,0.33867162
53378,0.01848168,0.59434545
53379,0.11134725,0.04711651
53380,0.2586151,0.8575898
53381,0.04544369,0.9617442
53382,0.04849191,0.044092853
53383,0.06530289,0.9303411
53384,0.26331067,0.37763762
53385,0.08532932,0.920383
53386,0.97489035,0.7314552
53387,0.06550392,0.51209176
53388,0.015542699,0.2655368
53389,0.89757466,0.8146539
53390,0.09432019,0.35256663
53391,0.8325234,0.7576205
53392,0.07863387,0.20404693
53393,0.02400035,0.46170488
53394,0.92792034,0.8755937
53395,0.019822894,0.3889161
53396,0.50103194,0.3059093
53397,0.042442825,0.85399574
53398,0.12641636,0.92705375
53399,0.023457872,0.041580215
53400,0.6995738,0.480388
53401,0.036723323,0.54814297
53402,0.29776716,0.3489638
53403,0.11558974,0.17457283
53404,0.09816406,0.8708534
53405,0.272101,0.9404329
53406,0.19385816,0.3020028
53407,0.017284399,0.15393226
53408,0.29651666,0.07340666
53409,0.030143015,0.07043077
53410,0.38452986,0.4847372
53411,0.2740462,0.5328795
53412,0.16611299,0.11314855
53413,0.04148414,0.44593832
53414,0.71197224,0.6002348
